FI_A_F,FI_A_V,FI_A_L,FI_L_F,FI_L_V,FI_L_L,FI_T_F,FI_T_V,FI_T_L,P_A_F,P_A_V,P_A_L,P_L_F,P_L_V,P_L_L,P_T_F,P_T_V,P_T_L,EN_A_F,EN_A_V,EN_A_L,EN_L_F,EN_L_V,EN_L_L,EN_T_F,EN_T_V,EN_T_L,peak_A_F,peak_A_V,peak_A_L,peak_L_F,peak_L_V,peak_L_L,peak_T_F,peak_T_V,peak_T_L,ENt_A_F,ENt_A_V,ENt_A_L,ENt_L_F,ENt_L_V,ENt_L_L,ENt_T_F,ENt_T_V,ENt_T_L
0.5225461830098828,0.1885377783271264,0.4035586170469404,1.2627716044753887,0.19450065194448649,0.5458374585367766,2.4482661193197295,0.18823200766982157,0.2992569607216781,62838.25771207744,4470369.314389428,26836.88501346349,61282.19917807765,4043603.010705785,52350.985843922565,16752.689284485183,4250008.340487393,89612.22041011769,794125,68184330,360670,694731,61672472,684037,97516,65417299,1293441,98.12502947113977,19.48596528346098,23.80741330633567,204.02490104204773,11.814253029877664,51.84883147350456,178.0208609581683,66.74894160864024,62.41497006911362,3.035537658845233,2.88471512210681,3.023243038316323,2.7940440332514864,3.156926203077129,2.8510740471948095,2.222702906630218,2.722690610783622,2.9105736595740557
0.39397685191771153,0.20159321018474594,0.3095384465512083,0.9315886257589943,0.2022008451806428,0.516699134852775,0.30654097542196046,0.20178233244976335,0.2215107166150535,66508.32920162761,4524821.480301623,21898.383834456035,82324.08202114055,4045475.6852517533,57948.50399483486,11790.928213124382,4333359.022133757,94730.7199281379,787848,68265933,270184,703602,61668817,673077,100214,65363773,1217072,54.17291285894269,21.800523938946252,19.78121321661816,272.9076891072769,10.61141462683942,130.7834006084146,105.61452670381232,44.96995679404531,64.7532010064115,3.0890572562451153,2.96135984140441,2.977169829913932,2.2702427611386806,2.964519794673313,2.665497462802031,2.264793144062993,2.7977478743423965,2.9456563823670825
0.5874152444890554,0.20371652667952475,0.7324625509863218,1.9333104055547432,0.20772323452548463,0.7171707369841668,1.06605977397386,0.2044957697184847,0.2708753160240762,85125.92436760369,4498091.01079711,24183.169088548497,162499.4773322367,4050477.307042961,62626.64253396752,19847.728291994033,4347392.005389714,91302.06298551144,879867,68509553,301190,758983,61851309,642069,127709,65256924,1331089,146.40175724379506,46.32284713217098,61.45616792778172,939.4168792708657,15.147128430120436,162.4576078745946,85.80951669588869,31.473782356194526,33.66423560369172,3.143086533103094,2.9314620365502133,2.877512256675695,2.226373692152858,3.1346565671150532,2.590203980700206,2.4618700295598024,2.7607238722839966,2.9546217152608674
0.6671033052032459,0.19611874102093307,0.3259630801221058,1.8447670580197715,0.19291730338244764,0.8080387055652074,3.2196811467150748,0.1949285787897141,0.18414484479878632,71838.52612606257,4433668.465713996,17628.181356228975,124687.67108213766,3998304.581443036,61343.63368137248,23734.855582559634,4283360.122300516,91799.49084194141,880215,68161518,288184,825791,61759858,670737,100357,65178216,1274586,171.12941624887907,27.411503741955503,14.530904741824381,749.2813085170629,21.176025573646275,222.79742271245033,141.45192798574354,15.969638930419272,26.16102077022002,2.9603343566398035,2.911504390923509,3.0836432002486873,1.9253817165608011,2.7638009200828297,2.137190647940656,2.283987670847371,2.9984529410213696,3.09773161433524
0.3440008095202874,0.19840136392372731,0.35193231140246617,0.7880123633239117,0.19545173061427626,0.29867295655776693,2.144248183752367,0.2041366981096054,0.1641283702723154,76524.10243010765,4420523.911402272,21134.234928744096,92901.12449690685,4001067.299705577,50253.14223854223,18167.95586724132,4327444.647217289,71509.35973819654,1044184,68017530,235824,1088024,61397137,686082,77545,65315593,966459,85.6484242200811,32.65884352418202,62.072804190273736,104.19164702113736,21.32557145204321,48.21565534635934,85.89734257073727,28.010616192618933,62.45257134005116,3.1705441230553784,2.862507840231112,2.7785982535900784,2.781535842133951,3.0433500624316836,2.983238983604621,2.6586431081023734,2.8022637442141187,2.8035276536477163
0.2868733081448978,0.20926614292159648,0.30808209505408524,0.5098975909435365,0.202720331127473,0.5568938528236743,1.9332943394529,0.2053647790382505,0.29449705496962664,69094.05801339836,4469511.639598707,20999.3843160694,79243.23882600818,4059751.0759813758,55866.16265339214,19968.738888433025,4300347.384805345,77967.45113222237,1083101,68057104,230944,1096715,61366364,714363,62809,65371138,1011435,53.379842755349095,70.71974288457886,38.5364908672763,188.94331844378792,30.786386950444687,61.480212572211315,161.97284294921795,33.657086992287994,36.78656980709449,3.0693166917753136,2.481108124778137,2.8571355291305265,2.3890012538061276,2.752029239375811,2.849478752829622,1.8116825677576023,2.7853461471223593,2.972647824876823
0.37226513414109136,0.2179372209519375,1.4070564588043488,1.2117043825051672,0.21480658618602122,0.30444129640671225,2.9074520210611237,0.21179822809618967,0.2514462674431269,82759.51849972137,4504318.791396262,19109.56166926195,118848.17463678497,4069325.7221334535,42030.256381433384,20922.064073333087,4275146.900676018,74263.62828321036,1168044,67804791,232406,1248181,61523713,649113,83423,65379789,1176062,106.3787091314576,114.60572384825775,69.84331765374196,669.3409759697764,105.73917445553639,116.8334201428084,169.64870978130352,53.134353925901266,107.25230860895718,3.038869045076086,2.7686812680193182,2.9276609719846087,2.379725083453353,2.5814733479165732,2.6822408196696585,2.1181732519493677,2.7405459738223166,2.8423003631715664
0.21773829409921483,0.19408353339147957,0.5273106555453481,0.741871199769407,0.19377905397785436,0.46241827032963406,2.218621640004855,0.20920793213845643,0.2920896846562898,78183.53847486104,4381114.9421657715,26550.05328731316,97820.44900761555,3988102.3613118967,50878.84794043724,13111.807515187757,4299316.528578683,77515.75593124615,1206965,67759499,262447,1051290,61442771,738964,68094,65364300,1280175,90.9433229123934,56.73724018314669,54.748557771104885,389.2543946969508,22.727757686636778,102.21458360328997,125.51568834001145,52.43612870032451,35.39837967299296,3.1162942239409945,2.9353538962954557,2.8162017166791378,2.2151104447537824,2.8455715893232347,2.88491179005394,2.0392583580272636,2.7646928642825204,2.944642803517638
0.3019146650424786,0.20519580704279108,0.4047416518788636,0.9423367859857431,0.2031870544355421,0.5062209881453238,5.294982923309084,0.20170158143036235,0.19370185093064868,82355.80951682337,4513615.709758666,15089.257132251474,103148.78723422662,4036826.120339575,61059.37495630627,35624.60223979079,4260859.397962135,93612.65705388846,1286728,67788854,279464,1133625,61190741,792983,91148,65276198,1354353,103.083870034294,59.7086577361318,38.49056678470561,473.48705741824415,39.04406186645166,198.43661135377442,192.83268369041684,32.64329807362411,56.75528846035997,3.0588909943612346,2.8863935168978876,2.917505942977227,2.302071921096196,2.772340798497346,2.5823513312809308,1.9416295388342641,3.030458252461874,3.00078019528159
0.34773470197468626,0.2077539191012439,0.262139934416714,1.08005782530457,0.20568080993027704,0.3779523591594717,4.831791719188029,0.20724443488246377,0.3371516329710745,65745.3200319343,4528432.7098312965,23074.4345375501,91192.40037401996,4085526.9053855343,56571.04787342252,15421.201926481426,4311929.362074418,102359.37266176203,1044782,67944419,326573,924182,61544965,774843,76112,65185456,1361355,106.39416308624398,95.4827143626815,24.45914020025871,370.3743002370308,51.92077350156186,109.52414369684799,240.98865522136143,68.21288571176562,71.68442021544445,2.8218233988748285,2.538553211346747,3.1387699664716564,2.499800145008191,2.629484349088384,2.722691279601557,1.866559051888641,2.545124643769639,2.7258103432812324
0.4287696309262572,0.21866247106008704,0.39007868871653534,1.4868796296849047,0.21476379952342198,0.6574082826661655,3.0756244133798694,0.2114902841109379,0.5607367858017523,107257.33001021738,4488433.952928401,21522.06780370979,233553.69671282143,4079521.9562631724,67002.1175302013,31842.7241082505,4377362.11204132,97090.78137339454,1231843,67597761,320393,1260706,61366189,836048,86900,65091816,1219824,191.95309970235934,87.82929492907337,44.538892030905835,1417.4693831510203,31.320016222563844,128.09273946698573,370.1202189468294,59.70165717174608,152.4411497201377,2.6535697443210005,2.8011382436113657,2.991902208344474,1.6772271188132817,2.891146464950751,2.5534827973860814,1.6372926846700908,2.715686724175762,2.559703802827647
0.2470211946378129,0.20208588097009245,0.7322670662139148,0.7954772966490997,0.2110537452810366,0.6302570805762422,2.347996075132255,0.2155177829271076,0.3144047389112706,93034.99841293476,4465277.593047516,32328.075986951935,185049.10347632773,4018344.9180962997,70168.53089783817,21798.30495929486,4317057.526742145,112573.49911422744,1276380,67573022,322530,1317852,61205324,814963,73749,65182672,1263872,345.2474352134612,19.037484114769814,106.9986396549874,1299.7129308710787,65.0144083280972,269.22959393723636,131.4063437128715,63.4306987785398,106.50487202810565,2.507657561391495,3.0418785813754603,2.7709513474177916,1.8269992748310462,2.632444016451313,2.194119342322212,2.412752694838197,2.553392351043297,2.672890017045112
0.15216834257796472,0.2039267086030397,0.15693602543248497,0.15817347272399468,0.20044446081271078,0.18938489659901,0.6574674702068953,0.20686333389653005,0.15403098790902336,75038.30675315089,4485829.199754851,16009.919345113949,74861.99195330754,4023138.461037712,49171.89975378638,8665.97059371306,4243257.393233045,85701.15751719933,1211944,67850076,289424,1149837,61178962,778393,43177,65077107,1288943,32.75129313074316,22.186564874417208,28.198348523775977,131.3176379412224,11.228639699233359,57.495033077842415,38.82022057146046,27.323332969969005,32.45145373596803,2.952417044065724,2.9727294492980585,3.117184420748072,2.5103681844616608,3.1580681610699397,2.9732565300098086,2.809534324885922,2.761459970413699,2.9404910314001897
0.21615057748614366,0.1975951888608611,0.2988833578823579,0.25342479947615254,0.20071631597468897,0.2967635254425032,1.450029649931315,0.20445648850652495,0.26976988758369036,80970.36869064016,4453307.759385002,23794.53483895266,83166.47146138444,3981111.426771217,63398.72141806469,4764.020313144885,4269545.4888328565,81182.5786639368,1194824,67735263,308504,1170307,61181267,835520,34322,65382442,1227086,33.67819821394824,30.924166660924907,23.000753570848765,35.415816815827405,18.23868621876403,30.77251376534553,21.184662250420725,38.88563647509002,46.45636598555086,2.9753379228152914,2.720399817064191,3.092670640763335,3.0296445250883934,2.8086848131534694,2.8200471007144765,2.690400063502794,2.683498371906294,2.930532905057208
0.31893680999881024,0.2031553155861667,0.36463792583652727,0.7453410298666887,0.19602166845805524,0.6760442350051253,2.271948544007353,0.19123686262273742,0.28530028313300543,84897.92215242244,4449875.088915959,27228.900226502505,120362.74464412848,4002677.0581870717,66752.92213871947,16848.905855344037,4226647.340670957,87428.0265072443,1235641,67844692,279704,1166511,61357614,763845,77533,64996453,1318676,219.3290054085367,39.527119815447406,34.724217899366096,1085.839639210487,26.579420235401564,125.88935600554092,117.51220160264475,39.232120987186555,44.80929954821593,2.553087329113638,3.0549282743624753,3.052721363204489,1.5804303968250195,2.9640947861958002,2.488901377015189,2.3365595786049522,2.901981573892885,2.827271521270232
0.2817177932694405,0.21059700251965177,0.6177967930384822,0.4696722788474846,0.21361840467781154,0.4992593938638285,1.8495112370800875,0.2163924989718068,0.26985960825013683,92020.77696508856,4452612.846791297,22404.97865451854,100167.6223156882,4090974.682788393,70731.89870958302,8490.074827735572,4331955.092690318,76292.56307731515,1746684,67138464,330087,1060933,61228281,758079,34494,65029402,1641489,220.8106068837131,90.27919916639553,123.66102939824285,388.0580136508428,95.25645070877722,302.9664008652971,36.51234471723493,181.63863431269272,324.1121008466907,2.465953682500218,2.5299808101689534,2.6501533807404583,2.3339447619475395,2.333545878898281,2.3518270169550926,2.7483717537675605,2.4382179224518437,1.9858144940064146
0.5125134050731343,0.20766003551044776,4.893111420753232,0.805010888337202,0.2237182542442072,1.1878547526935488,1.8169037017435352,0.27469825724425334,0.6854134591741937,671013.9292253237,4510950.388516855,504630.4287610207,1249979.1644139262,4262319.152916303,463475.2019482831,142971.10006960304,4511592.333603556,183776.29769589362,4748768,66074793,1283783,2180780,63286387,1644385,574496,65683770,1792917,2831.10345343316,1018.3787272274333,2210.6006611058765,11841.006821765497,812.1456801963849,8400.938942943207,5097.535026997988,1220.5078028085225,814.1081579267801,2.56838101947933,2.5543947751245906,2.8321267287146688,2.0860840176385125,2.527360690143845,2.182286881118278,1.3517151376444747,2.2782778922759097,2.39816249041014
0.58733272409268,0.39691990317873865,0.6519112368970432,0.8150840318389166,0.2698058974434329,0.8965672610242187,0.2504672104401003,0.24604306201446463,1.0755598423585269,2180863.450088441,4363947.4220032515,3287695.4166317657,3210360.236533271,3858081.052777558,1267462.087487681,232148.68241663664,4534369.872903302,167692.45101776475,9156940,68279287,4916729,5725484,64167069,2328960,477847,66268911,2144518,16055.69269589959,3784.502876017914,18631.91774663271,17173.62588411057,1976.5223843178921,6022.46674843626,2627.01199853882,1817.5870956834615,2247.7940111775138,2.943946427469672,3.0178652526712653,2.4636702634504157,2.394207651744066,2.889960215697744,2.494223019105974,1.7559233923472428,2.6805572541844556,2.2257546197440643
0.5198776126677592,0.3674423245096888,0.4340830909479345,4.370949443649885,0.3110024327946933,2.682830430923273,1.0745870983633894,0.20573596095497787,1.0854402382658928,1900565.1854374907,4544009.390641865,2609240.6156271733,3055013.887423901,3862726.765962591,1354861.9147858364,461701.5860115311,4331838.205219008,245356.91593377438,6066019,67190813,3388373,3838041,62379525,2066004,857819,64628050,1718085,8621.844473316823,3422.434811610651,15828.593637895927,14961.159932998098,1458.0438832660182,6281.202557548946,2536.1302894779064,1987.5639778138043,750.0022115480849,2.763577881802897,2.226382127588237,2.3040936831867915,2.2848734520932212,2.6095339807412405,2.2206635939926445,1.854636433140073,2.022947461589132,2.5961930230881283
0.4835843291510895,0.20547883263573016,1.0856120842245351,2.7208814486827593,0.19826147706685637,1.2031033944336167,5.084135070819238,0.22490251431196978,0.437448529453488,145373.5568185062,4414444.8821182875,51130.52198982025,247786.1242382285,4097281.6523869475,94981.61110821439,57904.666579904886,4289253.9195703305,114382.54660925789,1217825,67681491,518486,831768,61901580,851785,134574,64996827,1215513,259.1781705397798,30.969349991839934,192.7233281387285,1644.9114353357638,36.21224232129349,363.7698888683947,269.99934424131686,577.9477786036664,155.89338982482974,2.9652704604545774,2.9888617917642155,2.5203612484010396,2.0446548784234704,2.9462114403194772,2.549424840483497,2.386291983779115,2.369380193693962,2.9176242790669065
0.34514557590544825,0.19057943603907201,0.25108188238717566,1.8709363100946048,0.19775136418602085,1.025446406902844,0.6631041788131471,0.21842079051784308,0.37315311070985496,97935.2915649837,4472188.043047338,31335.172989048937,124416.24900381974,4041823.638816188,84992.87234237726,22429.750033239783,4396470.847908814,87439.02321519339,1047796,67657625,493631,869440,61476292,989271,109378,65394689,1229472,193.50763146819608,40.86621963734999,46.63732717158448,670.3989212694405,38.21461001694028,298.24180033230704,285.56243946646026,177.1327996073917,88.72357318082408,2.9288657818513273,2.8847106080313702,3.0198447388083336,2.0190867757033777,2.8667694872732308,2.379460345495361,1.8516375997415724,2.380887124927048,2.7947743141102097
0.46112419587868075,0.21465595162206935,0.26433192650139686,0.6456525160414386,0.1926900218728048,0.3685935445035131,1.043987375528205,0.17294937721409778,0.3410340195166762,74316.79077676615,4522264.573970743,42810.82573733096,84227.79373182778,4007767.695794861,85454.301445474,11893.010270898612,4300069.774154665,67596.40557066226,964499,67921931,588106,942990,61002820,1298841,47292,65374615,1095068,137.56929210332407,26.69624323033969,58.05396843436172,460.04724006508997,25.271137986425305,185.78209082249194,102.41329911832563,208.79504637793406,57.98839452186878,2.897833666662636,2.950276502295355,2.8321160232724565,2.1938614663020544,2.9998871650791954,2.5348749426824755,2.376690729699944,2.2961736551609726,2.914492513934298
0.32647723227211883,0.19344160105418473,0.5610901429278617,0.6548860237427889,0.2010686000109683,0.5058622301529246,5.239424231243961,0.1863057231464362,0.40899166320552727,75738.36423513264,4419517.872267272,48130.501928432845,110161.05150870432,3975642.466904112,113708.54335577393,12282.60265694416,4231919.961984783,97176.83479059231,911092,67796511,633856,888121,60823463,1356431,44055,65016535,1599901,124.39764521817366,26.213242444795327,137.769750927063,236.12849982167214,29.822741402847917,263.0340879479735,128.0657270467438,18.559297768856204,97.02008115426662,2.6981605890482694,2.870566780148721,2.8384488390279645,2.696172521416049,2.8307389384343282,2.3821049901984352,2.4170044735256075,3.159132482454849,3.120147629092874
0.8724175971507038,0.19703103687557796,0.838927609975712,3.793941475204292,0.20170489804123523,0.9117498205327083,1.5745261487963889,0.1918013761440087,0.19184666952900642,75372.76502661474,4471459.662978107,54227.050371657824,186611.49615146255,3994464.10091249,112109.38699355954,26343.473035001633,4221073.50218105,117656.80364321609,921389,68446502,498620,869053,61264798,1060792,151619,64545506,1588498,452.2279975271375,20.364945943019226,119.17648502889811,2567.6852135750537,32.558602260771615,421.2178026683036,410.97617182320556,93.92224807421357,104.9258174213381,2.518395828894038,3.067601554341803,2.9418699128139982,1.2491734330606696,2.824934344141014,1.9623566364787504,1.7121400802791409,2.5928762931971536,2.8550519003314787
8.126518658635856,0.25414858051130296,4.0890424618891,1.0571356984250053,0.2175960038131223,4.924906543599766,2.7884498624476626,0.23560981360882444,0.33594135178993917,506321.7211185306,4322714.060389662,292320.7733208897,1291338.7025747495,3876429.240963973,1024740.1627999325,188084.00312513998,4573765.545038735,146769.96183549444,1906048,67600139,915887,2096617,62065411,1573293,616511,64762027,2246768,3961.3061219022843,10822.82549342504,1247.0451821366803,10613.968171919363,1351.8026329411464,5699.565319486049,2356.7314018001894,2448.1514836984425,339.081214474243,2.1781194723121136,1.5394796400386301,2.4238287774349834,2.1206653158141355,2.181781558768278,2.1292322832720965,1.8133445307543177,1.9237702304927433,3.1120810306166478
1.3030125413884905,0.23769226099398713,1.9077613457598335,2.2559377023971936,0.2610564621303208,2.702707003468214,3.5361942080874007,0.25066449726268664,0.48350659981570887,2725673.817484394,6014099.257429833,351850.9502075363,3184638.5632667593,4524622.295089018,1791885.842251493,498266.38490057003,5821043.8731300235,473094.94119805464,16305357,89586397,3210803,9916796,75994807,5668975,1176337,68018106,3367768,30286.41011710517,20259.404439379694,4089.7556293056014,52416.220921469685,6885.94253396748,31504.557612545792,5846.918941349917,10336.249042198577,4942.237043436186,2.91500037046578,2.601208405747532,2.8646278594288095,2.3386214220978983,2.561606835340571,2.0955943298660733,1.9227930542028462,2.04609388764993,2.4402595606792397
0.5962339976159996,0.2324846424352249,4.728117704860055,2.6780456644415374,0.8363521287824839,2.905421892418439,11.576381579541334,0.5555649757552147,1.0091947502856198,11612704.170822646,4965832.107967015,3332417.216196688,16236536.917738348,4602751.176620542,4751779.085388685,1872428.3439925273,5042298.964754984,581094.4301768944,28175298,77452310,8676340,20077711,67811396,6784659,3406330,65411823,3842504,85522.89543257978,46595.95984063987,11182.998015613011,68060.77220268789,11148.841657026802,24862.38972417777,9705.533616992174,11403.838401361405,2550.365046591215,2.649749829092255,2.7223076334329663,3.0868921738712927,2.361357249062999,3.0946432612882635,2.428907622728662,2.3719485240193747,2.604123545805995,2.91434882398243
1.2131611470594104,0.8063767821827195,3.1929831980428114,1.5357027928202105,0.23524122097714179,1.7250610973854614,3.7114883674747166,0.7089139057184701,3.8501757028687176,11566945.661307847,17894095.259761173,2180963.63382885,17840466.673080243,9692902.675780755,6175815.728740618,1843224.1536143613,5346065.923699816,884763.9138986957,36079816,84672069,6939371,22103428,73010779,9058165,2858634,65274092,3391016,119009.56946954464,94846.39570620412,9788.236188296785,81814.1942033263,28384.310772719105,35394.76955111419,12566.067735462986,8081.403831630235,4511.380578593926,2.789882569033821,2.026387213672189,3.057251193744749,2.0817518333003853,2.3941979498949078,2.1570371140399502,2.0188323098549428,2.5096608639056064,2.475361502735602
1.0626041109270599,0.16280733696249197,26.028720872115667,1.1346599081947188,0.21289833524496093,2.9937350548588157,5.1805480373238995,0.7976903048076914,1.0070083645765353,12227254.013695437,22211948.793499198,3851227.7952609705,17367814.88889859,11045419.031297714,6489793.417534742,2722161.419646816,8313161.367050834,1119338.594797627,45527680,102872359,15189254,28687470,80899041,11477397,4614151,73794796,4956648,133283.85416149758,117717.29803160108,25358.909840475408,85579.78869478159,32636.33446171548,43437.42815192569,14065.163857291016,20233.367043918253,6973.37949489507,2.6102350565750556,2.845548239159771,2.966960772961862,2.5612964512005414,2.7698203119196783,2.5080390101031074,2.3358503969582722,2.869840189489824,2.6982415906206896
1.0517903929047134,0.20863634815157434,3.4096029421694394,0.38750461973117606,0.27872399557591687,2.0947676145940823,5.466044283587885,0.15661799592780556,1.4640276800810126,5401301.357474124,24410020.943099283,1622897.690265583,13142508.994165821,12786063.142987773,3750038.733088404,2461515.2324887244,5299925.802376088,964683.9276303638,26640674,95221244,7868438,25458265,80740150,7000891,4335554,66495408,4938132,122865.2260820148,138176.4457933755,18986.292514837438,88455.73968077797,52302.202872043985,23096.1463915022,22306.01135047836,22621.941231860204,4361.106562030274,2.244662524650319,2.2292134822765126,2.812193389696499,2.2435976946205685,2.53765932745323,2.1847365479789467,1.892341033543263,2.280770717688432,2.6644576718709505
7.752395505784583,0.23797067695275465,1.9440595949218828,1.3373654273885096,0.511902427121021,2.0007941094856934,1.7688184204001987,0.4448319446185265,0.5314762524092561,2426775.7185058747,7839089.357166547,747528.3593379351,5831948.65692571,5005378.60546548,3122408.699452106,1295488.3497967396,4374096.208250603,788277.3035335492,35918061,83388437,11617521,13601323,72311765,6217605,3224788,62997967,4621797,126791.3785156692,81317.80384865354,11842.005795149502,71026.13473417074,19486.075685908938,37084.02563919981,10008.76456611702,4029.8386789497363,3779.09897420767,2.2216906881918654,2.1680009179653545,3.308971186391275,1.7078476521870023,2.4173972636832866,2.0216026581664726,1.6806360178474504,2.363731484416128,2.40081689909724
11.711590713125032,0.2147345590876711,4.3385705326157895,2.6688505205151056,0.2968342519635237,4.165069873891973,8.303233606023399,0.9289194394880768,2.090129194158386,8565978.573587952,7564495.470024198,1229701.2194537357,12631183.236581158,4690437.614068302,4736900.78350992,2935471.3541092807,6730734.083732253,852501.3949346275,26184297,86915752,5748131,20914952,72587931,8450513,4738253,65217648,3225358,65346.17192893672,98193.5666173108,9149.280539413328,93601.1094239532,26604.171838270977,26908.33752253262,22867.15417232786,21119.738256396715,5099.049691069488,2.7819690719805643,1.7494288308281825,2.7133518986210308,2.1650283956726315,2.4739920722466753,2.501372908639782,1.8654360320000827,2.2007455099712994,2.5345597373471946
1.6948074745349082,0.5168178329908155,24.548736941252105,6.203058507773193,0.5243804963580889,2.7771069716804813,5.434652891867154,0.5321027647809512,1.9705754504682942,16403434.175038064,9137647.857843827,4653140.174324783,17857440.03755547,7496115.850395759,6520232.819510236,2079864.7404390855,7633508.317698279,610334.9237768145,35287868,98406775,16136449,30435547,86342788,12488908,5328330,66177892,3317570,58557.29543774808,88109.2610946134,25674.47035567404,128856.1146792548,26536.886492581587,35572.253573404894,14542.94830994148,10667.038760779495,4324.2627187939215,2.765221725446914,2.6082072032570562,3.1677067459464583,2.363923866070296,3.0362989140625807,2.494108572307871,2.396755859153446,2.690611079301535,2.726002155923263
0.6907925650546726,0.40233323786731917,3.4559873266205123,8.446596089723197,0.1439195303097999,5.3725665173686314,2.778033435281485,0.2785237399425533,0.8837514584909343,28896220.482739218,8133827.124921549,9459068.272914868,5528503.446658062,5562097.952602955,5701868.502799577,1601226.7698132286,7049940.181025541,998782.3799154328,69140949,96780435,26610443,16142758,80088937,9015630,4573528,64808703,4296003,157458.71115468314,68518.82819023007,37908.94472989234,51476.45696396229,21992.74339971417,23253.002895529466,8966.113179365693,13181.575306430357,6954.083484936125,2.976118696396174,2.6057203157272815,3.271381412210716,2.330813977083206,2.6599676634962712,2.5358842974509455,2.300926512579478,2.086301857629452,2.7577691821419026
0.567177667586534,0.22977406399062844,2.0912505103186585,5.608906815489067,0.11241182292693308,3.1419920667570773,3.4733081868383686,0.37596263597588286,1.322513027693481,21427211.268079147,9287292.449722698,3531421.2983828597,7589628.918917965,4999684.697820538,4566888.981530352,757767.7660297554,6948403.249722111,1082701.3391791796,43455324,99388853,10896987,13148069,78564317,7011300,3068056,64318132,4189390,149712.05095882094,41792.91241495772,20642.30657093051,62559.580525626945,13558.642573908042,29062.678784617663,7406.248653319468,16694.227778812387,5292.350657618128,2.45035852844583,2.847267830880588,2.86161862567526,2.107641816013937,2.6933098552832027,2.297609937545999,2.038613743160689,2.4097666730480585,2.655446765896336
0.4567266472186107,0.21042933610517342,2.005144523901511,2.54670649079456,0.7670176243449045,1.9298318015172204,3.484829654332336,0.5600304839420246,0.6509051770557476,18852110.429661494,4906631.062354011,3927171.0894278195,10917138.982786816,4464350.572143689,5798198.947530412,1639837.7187139392,7114533.192850569,705360.8187970226,37624572,87436960,10015023,16887786,71901247,9171901,5225769,67981081,4456556,163865.54515766184,45118.01491640066,14244.288453839543,79550.56572446176,9319.246444909993,27036.150348509,20080.096774171645,10472.011877594558,3808.027573736996,2.1571257860022324,2.983755485742053,2.8175066883027777,2.182210417727909,3.072103049252246,2.234729665575448,2.2160771164158475,2.643767905273903,2.88726578871106
0.9370088843642619,1.718932299980446,8.784801573138509,0.5403545886117089,0.9351258814945385,1.7435077298836756,0.6820616241956452,0.3972059287450887,0.4417401796182253,25551674.10875947,5373169.138877761,10918523.937923754,5221656.459066406,6603340.172158213,1660761.4863814404,952000.0953873701,4818568.101844724,376697.07053037814,44633335,61428852,21654661,11403250,68030634,4889797,2060716,66867626,2903432,115213.29872831951,24613.93771897359,37446.959917649016,47393.399617875424,10656.345832268587,9654.271666056116,5759.859278463539,2966.747569438801,2342.097301309299,2.3696890794432157,2.6051450509521326,2.7671324697470316,2.3446005562823475,2.426737808443665,2.7371894399727488,2.231119586542244,2.7152797921037637,2.689378612841411
0.5925280599914763,0.26502380755407334,0.9588220114241054,1.310573271917782,0.2311697404868396,0.21496598204070802,1.1594150810063082,0.2596833420563386,0.4152149768098785,497327.7835014399,3514305.070042533,1807021.7143217453,2092621.73115946,3551075.4534570547,873622.0184864464,662224.81268641,3866507.8953948747,509995.80537093244,5489211,65241242,3767758,5327245,63792258,2424627,2990505,61062465,3192985,2903.1012600690506,4068.8008041286903,11066.598157592796,23926.678319716993,1705.839663864986,22185.687810907006,5641.165138464015,2474.039046139925,5459.318104106764,2.4574962676322953,2.340925700283989,2.3864349503358735,1.9222054170973544,2.6656756488096987,1.4801797401944428,2.14510802028949,2.3598412083442613,2.1381780078516535
1.6993473096827303,0.18252018822990893,2.442191592623728,10.408734860420903,0.3306317904879282,4.606211184374712,0.42161342772761434,0.2456867414705324,1.5782996671305203,5997122.486052342,3716643.891836172,1223465.983440485,3741035.686781342,3900690.0743965036,987466.2492808395,808337.2978255888,4509904.265856042,276585.4965761936,23363742,79121000,5793559,10534765,67712168,4312022,3470932,67118501,2248498,31683.27203204001,12014.52039298651,7796.208030904666,52288.23813200786,6003.337747997777,16759.029653317335,8486.398639884144,11344.367127049696,2051.979553603899,3.1064781996283326,2.6218609825481636,2.9538142063826056,2.4685384585000794,2.4324014905498794,2.5583974814354047,1.8189903079078038,2.1343501940846448,2.5898419504121866
0.6777565304852181,0.8126462581379649,5.8156238566708405,2.56501820972007,0.7829723877425698,3.9878834413123223,1.5609618743448868,0.48329949374875075,0.6649905648378228,21468824.03421224,6197118.312660772,4770928.254392011,9820506.310817817,7005638.544643376,3508251.7045637146,1083715.013384536,5934705.747464301,473770.5714852546,52331538,88604757,17781096,19449666,75328472,5086908,4166068,70979855,4247556,104933.98069321846,47258.95608442154,17278.601497624062,48354.64404832459,31348.376586749644,15158.811030438184,5609.851409995565,21248.26481703996,2104.1063480121625,2.9810071318095677,3.0964037257234587,3.268101501619737,2.843881815398797,2.4590490149542528,2.5839746412305074,2.299084502249896,2.6600959870949583,3.1734343849309252
3.1060246054363225,1.356377384429872,1.2769312839336502,2.909117679974369,0.3087784165642693,2.6873190006195147,1.9337634506268662,0.7258416802512315,2.7514286185751846,23192526.406912062,11583904.436592996,1993855.0505673117,14728058.247084294,7992901.1437853,6030959.739380287,1404891.1969394297,4501856.945321718,801829.812237647,59948885,66147174,8832864,21722294,74479012,8891413,3857341,62315397,5629422,81499.31209594385,57640.38222350852,11524.258235734838,63846.109464896814,24669.332035850523,33513.728821831864,10475.333762274335,8867.321947831791,4672.834004825169,3.160453197567457,2.3217334502022458,3.03990551494587,2.5550219649161523,2.822311422729375,2.436314813284543,2.146337839765425,2.7628589909641077,3.068672195692071
1.0108443427062157,0.2538267099453754,3.404980640814017,1.6439769853127795,0.31243981774619917,1.0291037960458789,8.691203389155657,1.147181138290751,2.157688087989348,28214103.307723,14761180.269381525,2126850.0625461782,10824758.396535598,9501494.931904402,2657812.4890369335,2726722.658330053,8123617.976510428,393049.3157435365,75632058,80984491,10314418,15285730,75297577,4582648,4889056,67093017,3850227,156887.81617838793,60994.45790487583,9599.045441159802,68722.07376564917,27985.26167811669,18694.928891447045,13792.180551082882,21392.549491084334,3492.179325134647,3.0984913934010785,2.4332209242948526,3.2436383958593047,2.14497838365799,2.507992802928341,2.5235346738354822,1.9456446253212825,2.24848605280246,2.7830134004898057
1.0711832669568353,0.2245185064567525,6.794538542681101,1.425282412020636,0.3614320407233815,1.9803563684302135,5.16453498362216,1.2447198299527535,2.404913664407126,20859429.882756732,16286978.350754179,3070493.703567473,11887328.313945608,9475427.447677927,5094757.160943599,3165838.509764943,10266277.164081842,493294.6990532882,58683253,84764565,10930429,15961562,73264631,7068004,4795308,69387408,3698884,96504.7721787626,62768.2743448146,18686.78345410619,50687.65129478088,18014.72723267805,24857.49041360744,11070.363772116274,23014.257653007855,3465.868697239605,3.1186167678211674,2.506390502057232,2.8565891888066903,2.499789490908687,2.717008412721577,2.227391189329149,2.082126033318586,2.1000250515253938,2.9420740364877096
0.827210127822156,0.11262044985920948,3.04625467720519,0.7201214656706917,0.23825654424803616,0.8342614821948601,4.220049749163625,0.7007025251844977,1.7616781016293448,30214128.422427535,17548861.50062131,6529355.335555521,10435149.125940572,8893751.978783272,2971138.8732655,2425075.1887295186,7910857.271180662,676350.41251441,78591571,84523749,16467909,15865269,74292084,5124399,4558703,66009090,3723239,225651.33114843717,78137.77253470062,23094.24089807491,59626.68036466258,11220.482816121097,27406.834157180667,14930.718022717429,18598.1968320815,4632.386960289482,2.7495547784752343,2.1763444921751027,2.8473528061534883,2.2019321078196614,2.8533207105377776,2.4482253542640233,2.0491638361280944,2.0123790191994657,2.7958122653454236
1.1898110953401184,0.09207704573913424,8.821995926553525,0.9463206962549022,0.27598150850166137,2.9929103791273026,4.444268711439678,0.7007307950038775,1.6257079422604608,14930107.055654958,21482288.569419187,4893080.79623642,14248936.355704926,11777039.793470187,6729855.501167977,3641168.843884712,9312213.891521465,932961.7438872668,43517454,94323177,14655776,18950196,80057563,11578388,6649765,69907677,5089181,104321.95137583555,133478.1924715775,33077.73631857033,79714.02239992317,24144.42900842439,54238.38205359673,29210.023971471135,31634.37118792957,5635.964382379246,2.6526248315516043,2.1488342152086575,2.859262514802092,1.9658776417780426,2.7029407677972115,2.189290437551877,1.912142426022015,2.439611442576264,2.717643371150249
1.5060660025271093,0.2701588093291479,3.6556671361789275,0.5405333461186007,0.22019432264749206,1.787584989963895,3.4165331316443375,0.396607819317736,0.9208144887965319,17472614.791304875,19709496.903210603,3158257.494551425,10306152.476757752,10434907.770328347,3696352.377214596,4992630.164631942,7470871.526142335,782403.3103008401,69570456,99165897,15733714,15438216,77423313,5705564,7825357,67726351,4016373,198076.95328500928,88013.91090638844,13565.622329506095,61184.577036478026,35156.92375770864,18021.12789208784,29185.472481378776,23966.593380545877,4841.296336447509,2.7346657672876598,2.3640293772356014,3.3476217469168987,2.1974977409510776,2.3289569182413796,2.4441228853597865,1.9827169946939904,1.8670216553485512,2.7787742278319514
2.4411043875406278,0.18645739114354926,10.150482609511727,0.9593024560778092,0.25129459658064895,1.4653282782966814,2.2400629580110216,0.3935114480528616,0.4114090130884694,10329798.247010369,19585701.098147914,3888576.4640696403,11225989.351854049,8431552.135373963,3802622.935585656,2338334.7230198644,6326339.718871196,845515.4066913793,66537167,90061230,20320511,16787208,78865026,7010116,4948992,66834696,4128370,132626.4763803881,102702.88269681922,21705.34035631422,50116.64955275706,22691.433785516958,30172.363937586968,13896.823574053411,9951.457086490575,6439.2022716168785,2.9265364322057623,2.2699548242511725,3.256469574156509,2.337353601218663,2.7678864054890537,2.121411686146613,2.038082990981504,2.290868514247684,2.5868717984628793
1.2738131572681597,0.1876798940855114,1.9287615147678367,0.7840996628397534,0.30560675670945386,2.004008316838238,1.3507613631717685,0.619339506207409,0.43352220215629106,8547616.113771614,13382789.86576382,1803104.312156506,6838448.819799947,6586940.609137139,2885013.3234644257,1159030.432158953,6834414.186727234,645708.1358927051,70977305,84058736,10316388,11386911,73112270,6072419,4344649,67501694,4067527,151262.88911735316,67046.8771625831,17555.355719249557,59552.20766409661,14542.8624984921,18280.740977418383,12166.421667329914,22246.955351643566,4409.099146916156,3.0162551385450187,2.213008614224237,2.746582806954093,1.9804909649459157,2.3872397598614907,2.529894439383352,1.9925571625478713,2.2113375573337466,2.5986776821801567
1.0890461796258728,0.19634937787979936,2.1721226397408926,0.5472204359325522,0.3622757191001827,1.409526862856194,3.510701415494883,0.5527281583904468,0.6733754043882513,4732067.965390125,12022356.61395103,1284978.503362921,5554582.511231744,5467182.162169529,2088607.313999057,3152658.607825727,5284907.683575502,916415.5485295216,60945926,82364757,12373627,13049385,76571739,4456659,5389589,65545107,4057850,124733.2960017793,66644.12382009767,20830.68712576659,53151.36971462169,15794.719989844712,21443.66223535932,22239.70334626287,11513.198056788866,4421.439935420292,2.91144155563044,2.1982990479198223,2.9606742111105224,2.2783590993999265,2.740668379246963,2.435852675953517,1.743324931921808,2.2312558408084744,2.3597805034389294
4.2302789718546965,0.27063927161609996,2.695576589384768,1.0713189742652982,0.4047925355907769,2.8759073534277477,4.35407371619507,0.4128585558635235,0.602940783587738,986035.0030759174,7230283.045005437,522055.9989391803,3185784.9689651523,4338100.333541579,2339517.0428091167,2389872.111245204,4537968.488852047,776428.1750315693,32305373,75953423,3219579,15152119,74260484,6876531,4501413,61131443,3237077,82141.786461942,68819.443069834,2231.832317164818,105125.50087979586,13624.437580949701,30099.143744712313,13684.513744415748,15591.77373689718,2780.5689368598078,2.312030122245165,1.7180321497661148,2.8398416967780813,1.8382553683930176,2.8326713516066917,2.366924863429326,1.907931933885641,2.0369525760499125,2.288978322952806
2.231361182865827,0.5155677369191571,3.1513953562339543,3.1386125151176905,0.1788489691290543,2.656177065483452,3.6802048002903107,0.41969371708663455,1.869791308545256,698569.8167868342,5644317.103032988,2525725.2529797833,3466032.7379163736,3867159.464801297,1154942.0244053479,1550999.1480683917,5444145.784359474,387811.27166078764,8211589,67288108,12349976,7083661,62716267,3961714,3807043,68461602,3254048,4227.3674013523005,13944.100423409207,18442.807280596877,26342.68666064874,4098.463455912902,7565.020209511299,8133.683191067067,7788.017803146231,1847.261615659514,3.147643830393794,2.909578417017659,3.1010623335800562,2.2538154685679372,2.941004890562536,2.640793812584869,2.2424799717529025,2.918884385255879,2.8290454073508062
0.8416147489566502,0.5440836499894663,2.2451680085619716,1.0071120043356356,0.31555454497662333,1.0632808963615306,0.6818112627062222,0.41199792363834764,0.5700858051533759,790692.2667387165,5498780.99017202,1438793.9616386103,1130723.1591659472,4258175.517191796,2618863.028204967,500941.6131444108,4455641.192779262,470524.45565480785,43710546,71332243,12095487,9329471,65880234,6050063,3146865,64033326,2586752,31693.31605459207,10228.925425781765,27194.83710041635,22549.085004663026,10251.181343429456,18081.59892395702,8603.603114487842,4415.073003889852,3075.5651312682476,3.393260952038681,3.113256553474705,3.072033934440423,3.1657613830779554,2.659393017177287,2.83960870153305,1.738615709471771,2.597833007961683,2.6944936005968176
2.2811719013967666,0.26830470611551765,0.9502708600234938,1.312798623682723,0.6460453458252052,1.886767615057462,2.2420339471439203,0.6391829901908753,2.0878707215293146,1733953.790933787,5703861.538583779,656000.1093059534,5325408.692845812,5373873.940230254,2499963.3538637506,1293160.0293053845,5703217.154516539,782569.1868430309,22214930,74364230,8082618,12414236,71746044,4372410,3729405,61995941,3290858,48432.244406881786,61960.32301843183,11340.190107445334,58436.63795378662,20925.437837759862,11619.70613412779,8760.242524782407,11869.335205518466,7020.242204069396,2.6227395997486855,1.7083242880694027,2.9281208988110348,2.0337339033386224,2.1858226821563296,2.487600849591326,1.922442028751138,2.116350261259014,2.236847366549626
1.4647685458537476,0.6704360949180005,2.638607450966515,2.0510671454325933,0.3926878425471072,2.6116564471602968,6.482539245368457,0.6435537889222783,1.1123908958109257,12091010.553560892,7707555.298165709,1551270.1082483742,10270195.25082278,7303877.409477351,3649047.169653566,2162866.9685634575,9485525.30665967,371478.8593108331,54109078,86872027,25817551,22429962,79190008,7020178,5435221,67062213,3632462,97349.7533534891,70778.08657612727,29403.05712890625,96743.8987048957,36010.40945786366,16272.219442437938,11144.412636187531,25958.73614467135,3986.1437367121166,3.190417187234889,2.7585745493613674,3.1902114888320776,2.4579142771978386,2.440783296343749,2.6970761225998183,2.1957540443420793,2.2585921072116038,2.739052140636826
0.8894419111247467,0.4481472223453805,4.278211461878216,7.2858194541534065,0.5191651790640417,2.456238558160594,8.322923105546174,0.4196170651324182,1.579011742569626,26234220.89479439,10966140.811202602,5332866.508707367,15957721.658526823,10903137.521782799,4342315.209549294,2365951.1812139214,8517661.5167158,709972.806434368,58493775,102535843,17393239,26205422,88366455,7346713,6695543,67097606,4266432,110239.14912792805,88231.52313724543,23614.161186846388,94131.3271613084,24199.81993933668,25315.266713562934,33739.0245466595,11581.78291939,4049.9969755229827,2.835341016358819,2.8547700411688424,3.227767649591738,2.1827842724854043,2.8581159809512426,2.23126638842411,1.5399491813207071,2.4464813644776022,2.726918555840725
0.6079283771822455,0.3428595877149989,3.5725120560768464,6.430575660835553,0.26155336494920295,1.4632235489725063,2.300177944229622,0.6953545850663195,0.375926120445341,19106243.310240794,8162363.667536987,7007954.845277152,8197301.962749662,5147758.696869981,2502303.55930644,1363978.4988957562,7885812.77788282,779808.2951553119,39161694,92767054,16859335,18794984,81118917,6471307,5752120,69883290,3521602,112331.83210400684,52274.734716942075,24124.875060976803,66809.4789925695,23052.31813046292,27295.559444532162,17919.48433229879,33910.2005971533,5826.991237310009,2.5004817666346444,2.6358576967430833,3.1521409289747933,2.3818129203517446,2.8146556169422623,2.394540205811358,1.882280482446467,2.0428418781487023,2.35901201904069
1.0940031636761904,0.13356693833749197,2.1069021629113722,5.900118235815,0.3409642527898983,2.765270671625473,3.49488392562778,0.34057949224215794,1.3914168919288163,31896844.523473673,6779314.229164501,2944619.194641816,7563653.411894937,4933183.868720957,2753378.5408781935,1652255.136585413,6933545.226157027,405989.7041726792,90010884,100239867,21852300,15642672,74857069,6373797,5123696,65565728,4115681,126529.09416747815,55918.84343751624,17050.447229364225,46673.53862427211,22896.12269011959,25650.692012910462,19043.328899933647,25210.049771282887,4070.1999207000295,3.257291432820136,2.921198284425087,3.3787906820060107,2.5080558842652154,2.681752242112198,2.1538954480022907,1.944315715700055,2.009625616806278,3.1047979354665074
0.4635807879270085,0.11275732306100249,1.5311935747107037,2.453057293473522,0.2128808307254528,0.45253444624400385,2.701307376991104,0.3820450863929128,0.9580991648846875,22066422.988400586,4952869.34973056,4720025.203940823,7121063.739641147,3223569.357855285,1555548.9531521876,1014091.5442560641,5996530.49433074,893419.6750504337,44623529,88163381,13681388,15275608,73366919,4821197,6961954,67829875,3967772,144369.02717656037,53136.15375053587,15815.028864957036,42054.88864710307,15322.043421888886,21584.59094551696,23225.022913546403,42616.07455141539,5097.343497642892,2.4145843362009267,2.285995280401182,3.1288058773085776,2.493654970057977,2.75762102133337,2.2827995349537233,2.086657469269995,1.9353390336945409,2.5351031683007053
0.8865482538405935,0.6010815690658282,4.921306871796996,2.8823933658358376,1.2061515472833084,2.0178970617065852,0.89690176712346,0.6747369247864734,1.1806215875450787,40115772.86309011,5387236.487268273,6481429.648869435,9780555.345738411,6423028.296922058,4668840.901419475,1316381.447537348,6987687.343262948,935024.1257044985,89135840,85422511,24091827,20368250,79442553,8179256,6659553,66914620,3898101,152592.58079506783,66157.49293498472,34048.46482631961,66227.70110539316,21566.906078360476,26807.394631857005,16214.863635293837,18020.758300307447,4878.813853466931,3.027190903886848,2.503799024841152,3.293217129984638,2.395964262063555,2.511476665552223,2.389800499369122,2.0894741620648905,2.3143787655506065,2.5678740965775235
0.5842712641978094,0.32503619652970195,3.831924035471975,2.0463573784229427,0.9795476270393275,1.0244725729100361,1.44598704158327,0.7200488071761406,1.3039335761575186,25273633.076529443,6235222.835452089,5693096.339991903,9282468.700070523,4588211.831906326,3458326.627075238,1066395.9891737606,5395486.699053992,584605.7133058237,52450485,89022272,16941882,14943681,72565252,7888832,5523474,67325532,2927623,162161.1274151236,61179.496833376375,30548.575028412324,64790.23279167665,22209.32982923562,25559.04566962466,5237.053805816027,12223.610121034475,2756.089918912368,2.570740537888873,2.8439670608957464,2.858288321185656,2.1698514752321816,2.6286429242018383,2.567770836147025,2.5532815439180063,2.247409989855579,2.5193764732943817
0.30751200612767177,2.0884663117622546,1.9342448195923185,2.409509215768452,0.6703768191031021,1.870464371629627,0.9781285100554449,0.3101821537683928,1.1056695105105776,13055756.053165926,7297849.379563124,8056994.721034861,10769288.267412081,6859191.908566235,4159477.160252043,1588920.668128307,4051937.5377154094,626560.8979464378,32903151,70898572,14671633,21367374,70576242,9550028,4483477,59809228,2946976,99817.24478279118,24332.86410764353,23142.002974838353,68137.5790112725,18009.221151716345,26264.916607404986,6736.57042343678,9652.837224821898,3809.445358612438,2.257726766440123,2.579226984335218,2.827056401035845,2.4282016930831025,2.729044683307821,2.697542188099889,2.429856840758622,2.486279395620091,2.4105322127405278
0.5593303761112036,0.22364402868488997,3.531313355460367,1.0562616196731616,0.32367038174261864,1.1654390850053238,3.636374229575443,1.065363176243278,1.2959277291308449,15200648.8885847,16168295.428494414,5897880.908161111,8900049.742276777,8960613.25875486,4177137.397326082,1972553.0322546614,8187664.961760449,282896.22567159554,43300961,82779021,15546469,17691024,75711292,7875793,4951596,66756375,2672179,100886.43560192808,66398.41741507124,21788.642973721773,51679.696359699155,18838.652073696147,38772.42325939838,10093.21176053849,21400.200697256932,1990.2996842905227,2.7321251728666525,2.342171013645343,3.1063635877905273,2.4970958766810805,2.7466565862189576,2.1745782295199394,2.1345108385006077,2.2000478999443454,2.5087843056660555
0.9586058059104196,0.10835787061602656,4.22424138409663,0.7194458328795689,0.16113645526138623,1.450152537618965,6.966143936538455,0.6645649737800782,1.9599418590752702,23568146.59603394,18439259.40795932,6050441.990467726,10603513.581621379,9426431.512788525,3656098.245557853,5288080.098714426,8727470.460004173,835143.8665241017,55807448,101129540,24581867,14885375,75916931,5783172,8370408,67595327,3682643,162220.90083524596,91188.77144546856,32517.220163904876,76614.7436303337,21258.33338395448,25484.11369482069,31254.135030951264,26791.927046877307,4589.0087854284375,2.4953902296465342,2.883765120645898,3.3429162742495455,2.061421802305545,2.685861120365084,2.4247234940298528,1.9206701552574224,2.230025287010908,2.7372196317177924
3.8791758678939927,0.17490522679892304,11.8021435515924,0.30464254472866265,0.3220591009746219,1.2271867242725425,2.3565355516694755,0.6319653597621758,1.4619967003942849,14311689.518016806,16089604.403724957,7238584.306942842,5945733.537449399,7365572.027696222,3303344.6680090446,1951534.1029867749,7076874.032830967,556506.740671454,42377516,81474528,15891112,11290456,71988416,6839630,4790742,66800914,2623327,91850.80106189098,73571.81988938194,39665.13129237457,45702.417683818785,10244.971574717962,28875.812170184927,11052.874723538987,14257.30338951612,4015.240830074654,2.4621943672432796,1.93211186830271,2.5727268561291385,2.187035115323021,2.730807701917218,2.378017806195597,1.849099393858367,2.0748140140158373,2.505859646834342
1.338597236114827,0.19796439879652603,2.3510465099068423,0.48744503352084423,0.3023092490438394,1.1653084765667368,1.5826891204399223,0.35138576745670325,0.7794440956783305,859978.9711984392,5073845.612360427,701874.6644842611,1954194.9099365026,4579942.334681831,974115.0216131674,527089.1604162735,4670752.414347286,283160.2007249218,6239976,63090532,3692547,3969856,62786304,1992286,4162705,61720334,1421460,7558.73148149374,4714.667790178468,6161.6404394979,25013.796603211296,993.7005660442996,7198.1467672087965,7099.068068485122,2480.92165406497,1388.880509432641,2.368945206042214,2.3811987292402566,2.316533549842051,2.010046373861193,2.861571580760974,2.2950153506581956,1.6308234025248263,2.056200425735228,2.361820519632734
9.127486054750566,0.4966285347898218,4.182364770817976,1.2789140250859456,0.2412372945351435,0.7062673368751023,1.7926478868533853,0.28595899975165134,0.6312695059729306,7213778.96060142,6898052.321967592,3951117.846060303,3294668.2414346803,4741309.633523823,1890568.1639249916,549909.4385841879,4497978.358852779,283238.454605069,26100879,64721794,8868706,8849212,65174540,3213424,4216197,62505857,2453189,32516.586465866414,9954.608655421674,19174.21352642201,33407.93126422657,4315.259737275216,8890.866222533004,4327.243416136416,4076.0495693775606,1834.5935110403193,3.0254556839953612,2.912192113723962,2.7172086395304165,2.568874975767595,2.393231817895311,2.464320045846247,2.0792998849239845,2.2907063943988097,2.5309037598021957
2.3038652933932693,0.15572554903022715,16.06270881337887,0.8900051760515169,0.21591668979800885,2.119260451588309,4.963316547301256,0.4444890559112398,0.818053250890735,11915665.415498689,15932805.125061108,2943024.0992129636,10615240.099409917,10342553.27746587,4411250.368738049,1959315.8600236317,7461591.615755482,262401.0212542561,79884327,94680121,23250377,21875075,77111401,7085426,5915401,69192799,3058278,89330.61475020125,66321.42112955597,22547.199387834597,49408.0528390258,32763.12391089638,27854.015951970854,9074.450198547693,19690.30595724928,2725.279620503218,3.337214691368065,3.076407739136866,3.3053615448681626,2.9954372526655098,2.602907989836476,2.371669601659363,2.1976198128730022,2.4774055300987268,2.919743144232244
0.9590834219377166,0.29959235335160384,8.77628064112416,0.4569940527357177,0.25005596406633523,2.2809846376610503,3.057014404630419,0.47069608098657384,1.64198508606013,6640591.22251504,17675288.416349545,3622234.8851523893,8438398.871413276,8906134.260047276,3057049.309416449,3265906.5310814455,6345332.860490074,640101.5096905013,39356032,95819601,12205202,22125382,77417392,6488971,7496486,64559011,3461913,124154.22216317977,87873.13495936811,18637.847463380785,61122.348291412476,27669.703996646465,17269.983762245465,15726.316706395226,17280.87748858268,4722.544858344145,2.427364738727846,2.755546426828058,3.047789187525753,2.4721384480875193,2.689209338680821,2.4997794378354836,2.0114828723098968,2.257744916129871,2.4857099042542607
1.3954687622290478,0.22748249067425685,4.934247027423764,0.5846278972104351,0.32867337900112437,1.8836185995322563,3.6629184022458836,0.9289358487602146,1.0911593580563537,4923875.033065861,17789891.723282352,2107470.143351114,7888117.5846710205,6994962.511149127,3179867.3118469855,2901128.768078611,6901247.78781656,696758.8926921515,47732587,103116136,12519464,24507233,78245025,10952018,7704104,67626375,4467797,118537.08213478487,140710.41281157715,30500.13579902279,91147.83465378966,31090.34689161377,29855.23190832655,13032.001183597393,18859.775943447592,2898.1890988097143,2.6906416112458524,2.190689655974493,2.5660075652170415,2.3359894434444546,2.8032360357978847,2.349613354935964,2.1554571439755508,2.67633484750128,2.8284942168437253
11.32176475730964,0.19763318587371095,2.4215910581641893,1.412405097023611,0.5517283037534825,1.6750048629607581,2.8861982534539425,0.44966357097198884,0.7364649372395451,3813117.8207151126,9193445.598922148,692073.5114570338,4576884.237001661,5166620.047640683,2309623.79549208,2174607.639864276,3837015.13838348,609575.3870565398,31443218,91848948,5246298,13668279,71594644,4802107,6461395,57106479,4126216,70977.08100709227,110682.17309914135,8709.059191092212,71604.34909273956,13942.420928532505,19618.98075092848,14662.641899180388,7773.977465338327,2197.5248162785556,2.4899708659705455,1.7556708360489806,2.6119027648464144,1.8561531560232643,2.485093218415808,2.456555433565921,1.9084634723664582,2.02576334789169,2.511401736027623
9.379990517588311,0.4176772735805971,2.831596494396113,6.7361957838643,0.6095415773390007,2.1611521877086974,3.098796156236609,0.7891257253343646,0.6837320029210044,4566730.160184012,6670638.78961123,816943.9560197572,11275313.65807499,4957935.367971638,3111434.84169119,1647542.8342532353,5656393.127784421,349985.86452808406,12497035,79513494,3524054,22679943,75454425,6608489,6414152,65017359,3646347,25184.158948843247,63907.98940043837,3379.433691616069,69064.05941998152,12723.412647171534,16274.813328711472,10719.13428636018,9212.525688133926,4048.0782418196295,2.737697886787889,2.0218642204999218,2.8556751355881014,2.526576574551694,3.0707493151468763,2.829487689770005,2.1551170958356294,2.7706578620242763,2.814020463769043
1.2970654328896452,0.3074151309919431,6.9928021297380285,6.055888432658433,0.4064990355028944,3.928374490475037,5.89305570081002,0.6378804438357281,1.4523966386045681,17301318.15848552,8416929.604616337,3026507.220038326,10052787.575898545,6473208.329085202,3674719.590863829,2463881.276914183,7556614.749536664,812307.2754287841,29784828,93031897,6479248,21721225,82399981,7276925,7614726,67966421,4894505,72969.02534433533,56274.6466014847,12054.889329603742,95157.5127331972,14640.3381272345,19690.25255041184,23908.954450057845,46496.598723088275,6043.610644361599,2.546350537346622,2.5272769548962057,2.603976888207095,2.494160642721237,2.970245131232931,2.4559563606440036,1.8975051623755081,2.324770258947127,2.9206184117804193
0.42873293726388084,0.24418029278277453,5.123490562524089,9.750911748560577,0.31685591018884457,3.27084485480473,2.576345854793414,0.46572232251241985,1.2199744952937996,26092255.295187585,9622458.660627242,8954954.96226982,15612585.641111208,4691344.609963346,5387688.926016615,1926837.2677778127,6558453.3651577085,868706.5047295915,66027386,102154822,17813140,25453424,78776347,8755321,6965474,63874884,4917093,173310.223760004,43785.0366520496,34202.494290671995,63724.60538359263,11237.5924575773,28962.69470588444,22517.8093930023,12007.448596583605,3465.6926709910026,2.791285048275144,3.0095130895426188,2.8923951997604918,2.5734425287497986,3.1708798184700635,2.3707013479749186,1.8042492473125977,2.7711634913086507,2.8676448181120358
0.4250978125317242,0.19450034703109476,1.4726901736953544,1.4902548709088954,0.6853122423335613,0.7905797926754202,1.860578761422133,0.5974920153831991,0.3462390736773438,17235655.12002349,5489810.853784913,2609647.6013463233,9131476.45775263,4471191.61565126,3702208.105317577,1703639.5998353763,6879652.000791872,804804.3667446829,30199363,80295191,6334919,14847215,70118030,6724691,6566320,64352747,4494972,123882.31290309955,22782.114832448395,11194.562573997615,44686.32896852996,17010.3738660795,17201.050470394024,7502.064323020515,10571.076901128987,3689.990784510126,1.8703590892551554,2.553235907887375,2.7564233960253643,2.533955569983264,2.813907488385988,2.6147691486744242,2.209563736341524,2.7035949757825,2.658808168487737
0.8119199225022896,1.045078540407227,4.295282342364567,0.7286754290903602,0.3287585273622846,0.487800280720551,2.198489679677714,0.8340995381807824,0.8019056559996165,14198558.419012146,12639535.536408704,2936801.744997692,12409409.703197192,7711515.291367844,3431319.260833501,1693856.6101609413,5649912.27782152,966027.9418876863,36981395,83851138,7590831,16748200,70745241,5920504,5946103,62293478,4333408,110848.3350843181,57290.62348983419,11685.65321187536,64894.07509209395,16824.882873083487,22033.067029912843,11408.076434534341,9132.219757082066,6227.974013060454,2.82393679651877,2.4025192306774095,3.0349526222624696,2.248564443749119,2.6581260208634214,2.5991827705494046,2.0231233104587436,2.8332326384885795,2.62906761120517
1.053383168929547,0.1493070369133632,5.163601351516507,0.38966320245272207,0.21479316347219674,1.4916706120398664,1.8692394490429523,0.4622884560159497,1.3967075511342348,5910088.746213509,17435896.63503006,1336011.8793102752,9219555.609577363,7872858.518110748,3564309.3881627163,1341930.2137145586,6345943.966188483,515992.7001568131,21076489,84642860,4476073,14643255,71208118,6364444,6828685,63022973,4378093,69855.44395548273,87386.20935769512,12884.083884338384,79611.09696337796,11896.486987865177,23304.453935920388,7762.875472178972,18941.939892130657,4996.685821384079,2.1301534408940936,1.905456290364112,2.4280331205227705,1.9666133955097105,2.8017111070999743,2.4084503528954193,2.164773145373903,2.0195623640150924,2.482318882992951
2.5398420944942646,0.17471879853748398,1.1675947038407732,1.1519723580076269,0.3895526831917397,2.8360804836884923,0.8842712686919846,0.5077123619638615,0.5261947051496211,2472478.8353144,8853773.0436806,375801.4298119775,5008491.359617065,4407446.309538074,2108452.2059426387,2147276.137319533,5580057.150963834,911634.261261995,29504241,90637779,7275573,16422781,71964782,5824345,5801874,65298898,4690963,84555.6433813102,103598.60236462187,11039.870397327999,97642.23451849111,9242.897800634024,18535.110974506362,14680.805428066209,33227.281534030204,6883.384120626626,2.4932842990008406,1.8805014020278379,3.0473541140845777,1.9283504340308608,2.7934781194933693,2.321948522373593,1.9874024903891176,1.9560565186976495,2.008793411384737
4.6981206611554,0.17866754135153207,4.645072801332273,3.3019540810026884,0.33874993306444645,13.251165042577098,6.682454626760123,0.7067124340939456,1.5028336039466563,1001535.9952729638,4562350.349329483,1142323.1844148694,5736646.998568745,4606563.9564795485,706343.2760653538,1883985.561150487,5661507.202617995,254079.78958355275,7260823,61140093,6775407,8875972,62177501,2799336,5183825,63264472,3119513,11240.998632405368,3542.0768497406625,13240.684687159224,32555.588329313734,2819.2155204648034,5068.00875530861,10489.060617507757,9766.902326238625,2711.101144585623,2.6887287309403654,2.2409612330721127,2.4030059141469238,2.2694906187065302,2.7097049637101884,2.5439630219023144,2.369507185035552,2.2554258288219438,2.478539967686558
0.8280525065631367,0.20222006972785853,2.087832038937891,8.661512575057078,0.20066379854433097,3.8730710101382293,0.8589918313451466,0.23152179172518875,0.5196596704808947,603966.6977012472,3972874.5380343967,1872968.5001512794,1020637.1696047086,3794971.330831267,536005.472143065,659308.7360384585,3553586.9090651534,130594.30011407986,4988102,68712737,4984432,1971840,65102547,1849363,5518320,60737212,3430433,2088.6806162527023,2545.3704376608794,8457.300521410707,10421.923353890432,1569.4081833733217,3825.9735058990923,5375.454561209223,3196.972801122875,2330.5111392138824,2.702257634100312,2.4729263764732163,2.16883949080278,2.0765861953319398,2.4273033227296628,2.321353167023949,1.7690268642635247,2.311630545703334,2.4679005217015733
1.4090514712570699,0.2697369834374283,3.9017211152044036,1.0361814823978963,0.21303232622456675,1.2725812667777259,1.2981592759746192,0.5952212910818827,1.7648553681075532,12373323.748437982,9969940.601385795,1420475.0756673156,5523327.387795576,7976135.123299073,2099408.7580107227,1097952.2241337635,4516133.7518864265,228510.39070858946,44860724,68302704,5014226,9415748,68156026,2759829,4688732,60765580,2987778,49814.83454412377,49507.60367860108,8031.747393334548,53603.142847033334,17748.548289898423,13784.57266415555,10319.7253166972,6131.550733386699,2346.916325463167,3.0167494271391417,2.3147891627650714,2.807750023785738,2.0158116039204694,2.42408785542924,1.9851514468048803,1.783795814040758,2.490306751485912,2.884081892399907
1.328053717881309,0.12005135446255082,3.8458712556443935,0.8263648292405166,0.11709695999001266,1.746305663942258,10.216660792019962,0.4984279485063558,5.1457427141966905,14547365.745171469,22393362.917531937,3014508.019960077,15137324.04590469,12482537.968762973,5449502.330161399,3859022.8099843557,7799147.696438769,837006.2969950449,41321166,96865265,12075585,23954548,79714995,8240177,8690182,64630247,5091747,104975.43563078356,104434.46955135436,14979.226309078345,75344.14128743729,47571.53854080641,31342.015951363832,15383.958792739548,18822.34473426954,6273.817874438052,2.582849034584639,2.7052591961465486,3.008806250681273,2.5805952386259587,2.5178369245425425,2.2976476935842842,2.1288301370547638,2.3005595092430573,2.7696824892059344
1.4106135099294475,0.20639792495835899,3.0706081608455476,0.44233834571063857,0.34679506689186373,1.8220846358685787,2.7538522589943204,0.5485671914564566,3.457162999878037,20571702.118080527,19879135.076268364,3030709.019051861,10806680.297621388,11877982.70667286,4779479.540663205,3834219.865304323,7416943.985965914,1331940.0603620228,60803162,98758867,17615722,17760576,79385038,6352854,8550046,64468395,5380514,182763.31315449404,94831.31036258652,24582.916470467375,59010.129564760864,32779.99955489436,29121.292376554506,29655.21971844018,23238.785029584673,7095.627601742941,2.6300727780862267,2.7846359856857408,3.1149631778276543,2.440338580748667,2.3950018071243875,2.1396974495232155,1.6584271744710788,1.997839797743267,2.6524407368902585
1.4993192093244776,0.18057174633504217,3.3179445544056874,0.3218573360149042,0.20544409146769207,1.156794436787395,4.358342400554901,0.42738634855687013,0.5090978074132785,4163007.2038570233,23228629.085369032,1274670.3548865225,9338463.155259931,10143005.039529007,5901276.960504914,4188160.249772581,6138684.0413705,791502.4208476187,35054094,97471859,12210998,21268996,87823172,16283894,9023466,70384579,6064722,106027.06192502216,145720.12234219495,22210.37175317722,71312.72645193439,38927.46775523995,44563.566507104726,18579.983988202515,13991.82979417808,4786.392637197712,2.6389056632077796,2.3180748311143793,2.9824148460959514,2.2297950578320567,2.9953738138364225,2.420828125338508,2.024005070361114,3.0574558255614486,3.059292565268393
6.62761513797667,0.2456476846334048,3.0131073832050213,1.1778363159404168,0.43418675763150877,3.0149482245107273,1.845726560168902,0.2279461010271855,0.26109636702276373,4262852.75549296,9764632.389044533,1054111.4086825165,5775489.678062839,5064558.384368939,2585653.8138370556,3110222.182496236,3847003.8302608235,625226.4090971551,43855049,92548823,13401580,17993644,80126423,6681901,7392150,60954187,4268822,165229.94309672434,122771.99839034339,30666.5156915839,83177.11305433014,34573.72037345122,24270.732205131095,16136.09131630999,8121.935428107745,2751.7226526426666,2.277521579658395,1.8348688822577368,2.8956777178969872,2.3369857680418713,2.504115597569261,2.6022710300055962,1.7552894367170202,2.3799092821359515,2.6653517465223766
20.08523537055349,0.2355536903133037,1.1178614112312357,2.0099365887438934,0.36059148188286344,2.938769295969341,3.0911292012006517,0.7185013145534286,0.39791912100100646,3786463.33347476,7537040.692891367,728534.7418687495,7764259.630784824,4611595.441096752,2504110.318944184,2590344.6656990447,5357243.209798301,445471.3220511037,24149183,84286897,6768910,19936637,70643397,5817900,7601519,59772149,3225558,47388.323873981935,94130.4195531104,18091.390325697506,82560.51657698434,14028.304741222064,15632.853433968445,14454.28644749665,11756.384606910357,5407.339856011131,2.815437686221512,1.8064196280580762,2.2968487448170087,2.2170822099368452,2.513195853694815,2.6568717582523216,2.2177051990475833,2.2069117207276525,2.0132135578101993
6.680077540078798,0.6831284062185472,4.00712991729172,7.091388355273821,0.5009790262250456,4.106452439416168,2.3837832867814672,0.21772683326633172,2.505390911488125,6874298.170786897,12219492.289621715,13742376.294499543,13685244.373369979,5778321.296889596,4927141.109355242,1497829.7757579642,5407554.087127107,595281.7931012309,17976218,91489314,26439039,25255508,76835486,10390833,6383083,62199834,3608376,47697.55163682654,67520.7669636632,53926.65738465978,62921.58120098986,13334.520131501513,31039.026590674817,17249.460109425057,7905.820918117321,2889.225782065292,2.81152363682881,2.398840016547508,2.918086906079487,2.522240170981481,2.8633749713403187,2.583079150395008,2.02731148223795,2.867529864355954,3.055790159961388
0.5227456159089838,0.25411611210893503,1.7311147903280582,3.2422428679111754,0.23694383298532357,7.365108435984939,1.6777014811333824,0.3210007869514321,0.9088680064821717,23935615.754291974,7926966.389500239,5015855.374878796,7159970.388469312,4918727.181966531,5077222.986334247,2109926.570227071,6496508.811169033,1140871.4256920104,53239930,95254824,15601025,12968962,77196371,7817117,7092441,63411925,4606746,148351.54955116048,32922.85127111031,26822.679608021852,78863.13851366995,12936.885676228041,46565.69884413707,14773.82169180921,11712.763210469384,5757.450675736965,2.895576649470366,3.1044062037925757,3.094024314776012,2.203567274854674,2.799282791552325,2.1655704248423584,1.9772833635153901,2.5390509407946578,2.5853976738259843
1.0413111128271773,0.18270928840628012,2.4633134489858737,5.954565961867826,0.6247843801730626,1.700891623296627,1.1845024074470059,0.26676313050223416,0.6673196702878236,25571121.150651194,5052380.084424239,5584719.8327023955,9419923.70715202,5687032.941427042,5262088.377683124,1155588.0471797192,5118000.198205025,945513.692534494,75341092,84053423,19351219,14688900,75605909,8424363,7421260,61854117,5030115,92613.75519130172,28932.264056105643,23594.916139493198,43935.15458106677,21285.562904010978,34267.58639182695,15064.569594134868,18065.9601248464,7797.350138888482,3.2809472869197025,2.8296279173035774,3.221140265637107,2.512397596705335,2.7517164707663255,2.155630134601858,2.293586349771748,2.4113043781259025,2.786386744589665
0.7031746078666927,0.5284601905677863,3.205239387735929,2.8846559403283005,1.0645538264780179,1.7317329238664803,1.2005284992568892,0.6279280624874146,1.0652800137883491,36462396.78291804,5424043.876724705,2502720.57714344,8750075.582567267,5783676.710864812,2189225.2627518903,1707105.0718594086,5292184.494794133,858985.1903582044,76896679,76804289,8077259,12870596,69245933,3307978,8068669,63808336,5219048,161791.6492492253,34310.25308893434,10076.910088813853,37234.35803133207,18402.36545148069,7851.373840209964,6581.540085965684,9764.972085037676,3255.8196721002787,2.7990050388984344,2.728081677533079,3.1442973417207303,2.4284387680103414,2.2902064359915473,2.480211532726403,2.177999290389024,2.3570737195518237,3.0297516059958784
0.9158367258081325,0.5405520267003654,5.806284180766083,0.9417065633997552,0.31413963924955585,3.0618989900281828,1.4697514753380783,1.1895754901173439,1.296715343783753,12881762.369157787,14117835.213916477,3322202.518559563,15376860.652739597,6717595.576759616,4930669.493137343,1988312.7804634725,4983471.888578152,636652.7802201854,29345751,85455079,12667375,22363764,69370962,8567846,5285485,63667347,3565075,78844.46781830661,77514.6522121832,17921.667415848096,97087.8059218236,13805.182931957152,27287.89044190166,14554.208871581808,15649.045105024907,3393.984976613676,2.4434236201589736,2.494991715528756,3.25822798443757,2.181765401448548,2.8855570854618637,2.324559699836145,1.9890829435886712,2.543609905264337,2.711929845235713
0.25557502336770194,0.25746240125574,1.0390541073533675,1.3960131559428228,0.2036643684633217,1.2073899021243752,0.6977063350370891,0.20351934248229644,0.30071727687741945,921479.134003777,4182346.196485204,2313822.5752856396,747648.0559355223,4209851.484673393,578824.4873609268,463085.5999527892,4155081.810126723,387298.78226832283,5179032,62621287,6186558,1511034,62698101,2025710,4031063,60664205,2596008,4193.755107597421,1102.073859516424,15646.615571918963,5081.57136579869,864.8135246387517,3606.13110586016,3354.873600804077,3003.360994959254,3454.5637486548862,2.094858659478674,2.441994901452738,2.158333841502615,2.3290742194046348,2.398282683155135,2.2619227705717027,1.9322818793451084,1.9959605510582723,1.975746652663001
2.229691194734892,0.19062180789452365,1.497336653971918,0.931447394026435,0.2186980276331373,0.6785776826594532,2.023812752136284,0.5588680885864322,1.4704113610132787,1536050.7065395992,4597064.803699556,1001228.7181495957,1556720.2434187317,3756580.560944574,1619628.6499114109,1702315.3628628377,4676235.571609104,879896.5153714826,32361798,70444845,8349082,3867455,63325417,3943308,6196221,57740935,3547415,49794.62077165302,30057.10455625661,20263.71718089268,27122.316955126367,14102.588955257277,9627.07857625238,5263.124192366319,6328.541786038229,3071.1283503108516,3.0103526671084966,1.592096932272478,2.6788259991931147,1.7431579324041486,2.023583458774281,2.8246231922798275,2.3823281886087466,2.2087888389751718,2.3927542932940757
11.021344990793542,0.40293505475791525,2.782647744158379,3.718557807421068,0.4541527053139554,3.938519746967001,5.976620350836943,0.7764912376564189,2.079794055494074,1696802.4144162948,5208165.34611724,5816361.8924579285,3985774.8623706107,5346193.650487284,2164889.1490207342,2010730.243750865,8159980.630648473,710622.8904436288,50530317,94141922,21425094,17153672,73248659,5053197,6203158,68400670,4042897,49778.68749569432,50120.57367752941,25667.93375503526,32699.4156094889,13763.230160350846,12377.2869110184,10446.174274107076,21392.064796584862,4252.640297546585,3.2538174740258548,3.2675662486931074,3.378838799818919,3.0487737912147894,2.7762578166484664,2.601922823160517,2.2406555083422237,2.6012814100574735,2.9615678842020943
0.8754719634025663,0.5692164397265489,5.475388213697789,14.558504598006714,0.506819230180121,2.4233467382746166,2.037238284529097,0.47505191461194957,1.3112136975000919,18216483.816064022,8960938.733266877,3494720.7812419534,8143055.240593274,6843161.320170835,2267242.169976184,2703695.480066592,7957259.169329627,912519.4771239391,59251337,83302852,11061179,16267008,74812619,4743120,7849341,67181462,3598205,83380.68614152142,60844.318345898784,15192.581333059028,49453.918076951755,13836.37836243949,18433.451316668732,23639.549599144382,23516.798450185594,8891.437742818094,3.0906169883278123,2.100625950484398,2.965040980820735,2.6095833585993975,2.842872354250213,2.3276447645324243,1.9207744994572935,2.061318723486182,2.2361403376866953
0.7563617734132949,0.28740697211863186,3.429256800223318,5.553084729651387,0.6409811527446355,2.8933547881014694,2.216417727424391,0.8069667983449748,1.0978088882932433,22600222.940013155,8710191.847334472,5631598.843481677,6482616.094182196,6035065.5074436525,6135202.399993169,2185515.616904089,8151490.206059423,1139561.3357935848,57281795,93832384,15459229,11384227,75505079,8324321,8173022,69349898,3985345,114153.0405163118,31495.091639554885,25788.60198064311,34033.65581085748,15798.7868952357,29885.374109402754,23961.108358084763,28899.87679440835,6533.789279973662,2.998995707342713,2.976740796720029,3.194301151929643,2.4972206285069314,2.9905691660967593,2.313936922861303,2.04249950239325,2.2703876890889347,2.4440051957239515
0.3623442905825861,0.27925279636155126,3.449167894149701,1.5892992899043656,0.5089440374424286,1.8891126971413668,1.7568392293514004,0.3918228151376395,0.9991415230148912,12717125.945014209,6678887.36657254,3870394.932543875,9380511.477490226,3862857.702712558,3613940.4896434704,1409626.7762582703,5568105.042825763,614649.166778526,25637769,77148420,7938807,12758050,66153795,5622751,6912917,64177691,3134967,100206.02320188173,19228.530276550304,18446.9077179405,62374.416949806386,6827.749102473843,13815.354228122325,6022.84865845706,7904.461100283046,3076.388654159847,2.274828748138079,2.7443592094703786,2.8817404086563707,2.265818801638684,2.720205425249879,2.5259201878082154,2.1168068361393884,2.553462192922354,2.653200285359099
0.5735876611936207,0.5668496180380689,5.822825188563454,2.315031987963631,0.4337777962239947,1.8007262873009666,2.8938188128144504,2.2428784307500016,2.0144274070375405,18041236.986217014,16413701.998548348,7247988.931498015,14014343.736214183,9347664.293728359,5258121.963647384,2636377.0639912644,9354347.208528357,850673.4490030468,44657495,97303983,15994074,24071767,75984616,8252438,6470621,70659002,4897980,132648.7562142613,81456.2910355573,27513.99627771698,79028.30614017826,23548.945513759427,33607.579437595006,10961.535100702133,44288.86501537613,5204.972219522237,2.715271758930067,2.97597382938797,2.9613203581249463,2.5955924672265986,2.8018055498136465,2.4137085241828555,2.2097769882322207,2.4312353360890766,2.8082413720704693
1.429357791271783,0.11892381206998967,8.792420778412113,1.4802762832892506,0.33097965717056954,1.244390155184137,3.4707326008564685,0.8167257141099065,4.344918464972879,11856874.80332194,16967946.59853347,4709198.870559037,14292089.97666622,8894892.069515578,4940808.4104050705,2619766.26060479,7616180.799689861,672875.9770867233,35460547,87650178,14170953,23881925,72891774,9734535,7339911,64646459,3926136,83623.44870177121,87355.23190486187,18431.790584973176,101937.9692865216,11984.406860255476,51038.78769681561,14365.124244136656,22593.943795670686,6467.2852884876975,2.832209544664183,2.2579612803945,3.17625200675187,2.216434001757909,2.9044720048096426,2.169466497276208,1.9878134807376076,1.992491026385728,2.530254180173828
2.339504725857204,0.16314318542903417,5.232290967719456,0.8067678325923747,0.3317616052450178,1.94520534988245,1.3538586517806341,0.5276566472240336,0.4882577084434671,3088491.0683424594,13872880.99242177,786149.4039613871,6911860.456688056,5658644.721940371,2680487.804644052,2161011.7628112505,4654687.810369946,546166.2653056734,29614218,83637198,6949070,18384086,75041780,6412245,7479071,64345257,4359556,98986.75672051219,81107.84404669676,14184.34562716267,84464.64096862377,17091.04917570029,21509.663444430647,12694.460732594522,8620.47265573264,3389.827564448005,2.35756327907191,2.335178255583733,2.9764822629919827,2.261539611785446,3.024940604924695,2.4860157590287484,1.93227690189971,2.5198180570539446,2.800801665768719
12.826745983493964,0.36023691991133877,3.3734104370301767,2.3231755628633812,0.37718027401913334,3.5549730349618383,2.2359832269928086,0.18036543326955823,0.8347635669630897,2354906.569947122,6699243.100595182,873459.6505198679,5171330.096581148,4203890.55835622,3881385.278275906,1745209.0592930294,3157438.662084764,708014.4823249417,53715793,83502562,10406413,19617822,72836907,9166544,6268884,57239442,4085210,114299.36989046642,75517.12727396513,14047.556091909206,76976.50311149318,11891.194079479415,38286.97715823523,12292.805423443004,12043.22519753029,4916.130232308376,2.836976886856129,1.8654591546162596,2.6062847354757257,2.106048913469319,2.8889492073914567,2.3699785922431538,1.9812813356134802,2.066927141652746,2.7099521075539292
5.380971626122851,0.8783481392206492,2.2807959632864185,1.08406456501418,0.532189884486405,3.5851641155518172,4.699131493664859,0.745948765521019,3.2310540721905583,2693231.0840554982,10428794.566848155,1997294.230413245,2494943.4851926323,5259467.8140025865,1738085.3684211683,2226325.4329152424,6679751.454062343,1047784.4939410987,13206079,95900287,6375431,10483885,73061743,3807671,6524844,65903215,6066916,29071.284889539187,75065.00587140989,12405.606155229661,55102.17649594015,8755.31348508345,11338.206068741152,15095.953749491086,14203.016882903907,4717.167057678149,2.895027676350754,2.706217239571856,2.900778882845402,2.581196357840579,2.952876861134354,2.5304209666174575,2.0238039512251795,2.394637814131019,3.1391727696730367
0.6338920280751247,0.273347990682143,1.1579985147105054,5.147889382183681,0.4311818521310079,4.535123091040297,2.703968943627727,0.7421982435240473,1.8344672819711567,21700959.418814633,5302418.228295276,3185820.938960123,3438064.6137048267,6525034.535472162,3265914.7786705196,1581855.7767143282,6497759.924649281,795973.1762769104,52053904,92839813,19303022,9933697,75117887,6559281,7316766,60433236,4893310,100925.68102907119,63799.75599054214,19646.64930749006,33035.45773286468,12766.455543401516,18243.154130887207,9944.704255280358,20289.861963706728,3879.5783227665,2.890758038944478,3.1270366873962043,3.224284423134325,2.411858353449761,2.6564398248838645,2.6185995844677437,2.208628436468036,2.1840048604372333,2.786168630193583
0.4862820509449208,0.11606785543669704,3.066989250530306,2.946475199489204,0.14975893221396058,1.7454438414265017,1.214910911962657,0.5882496344119198,0.5270528621218817,15532149.82649405,5756888.9937709905,3847018.1514377934,5513786.531254724,4120003.89423362,1926424.934017512,994520.053761566,6023289.243423693,864246.0704692238,33659908,85070692,12729431,6969495,69522235,4512387,5314373,63547376,4381955,85652.51212559041,10960.62263931465,15866.171124997334,45804.565236098126,5444.535698573423,16324.95796292157,9336.896767828244,21600.30461733887,4223.415464453691,2.6028467832780686,2.917128186191338,3.175413227980872,1.74392768654057,2.837586513155123,2.1989527587511857,2.0226875045792427,2.050430992906435,2.3213835593441434
0.9171862703512393,0.6534034024894038,1.4310469751845527,0.735322108377465,0.7051868388683834,1.3498784043919227,2.4161461888985105,0.5349350592077201,0.5215621792934514,9488723.94243848,2846559.2903178297,2674593.6023806063,9696343.548669025,6160803.794596827,3006826.908093161,1460989.3666206063,6416324.630507842,523501.92445499136,23930091,62997224,8696979,13025104,66252901,4681505,5172047,63768772,3866196,96314.49379411933,41480.90489480611,8614.508723063762,48297.953021987756,8825.858209304652,12374.075965056683,7980.424398300285,9974.853641597172,1841.1399903367528,2.0064897809543636,2.0740079540096517,3.2845104353429067,2.2279232163013054,2.713062576780805,2.536015750275748,1.892794021896828,2.3587818366379985,2.441859172246823
0.3379434849794839,0.22749877306550512,0.5452058104039939,0.474408994440356,0.2243259364685933,0.6956353212116859,1.5430604505709393,0.16883395799011225,0.9798758341542102,683590.7626998287,4753426.534330129,2710879.00699949,1487698.63632149,4187781.119982769,737820.2070768594,577470.407376261,4275097.2817528695,268132.02267898043,5869137,62515744,4641331,3661505,61220791,1474546,5744004,58699594,3026639,2968.684651173151,2443.378970849988,24568.39381714209,17135.370918003435,618.7304404851907,5311.505326625505,2031.4413040974648,597.1389661550951,2335.3717553094375,2.632405759065173,2.119306802201211,1.8761074022095752,1.9701184523019182,2.5985733197227248,1.969671215991605,2.193881953001998,2.501078226363277,2.0194080344482734
0.5263510800457648,0.2991663821214975,1.5488753246847426,1.436363381167693,0.26176503263209905,2.2615189860032596,0.7535154558815118,0.6485565187627549,0.3912734622560866,594186.2950195789,4295516.347245462,766238.0277289846,1817395.11885563,4178599.9907740923,724146.2475914337,1802890.4049397167,5199620.767756489,636993.1065023998,5597564,69309139,4404888,4096617,66290804,2240194,5743997,63930907,3822061,3114.4655607981385,4606.224420768573,3367.2907267032447,17690.885981329688,3953.6429781245147,8913.196162590375,12299.783864552077,8452.995595425129,2811.6158406500576,2.869463968625384,2.3091906313464974,2.902103692927064,2.3418526903119634,2.443582516629608,2.458556576791672,1.6321524127274594,2.1104611534769884,2.6866711589920076
2.1121951665804786,1.0425972541278716,6.31634473285157,1.5870569801600327,0.4125160232404018,1.1086828161656916,0.8876429902418234,0.44049698356631467,1.430035963916733,19270887.421073586,5657017.79331787,3111736.9100682796,4367443.536651397,5946605.030849433,1400528.7348544812,1259586.0875793165,3869786.7654806767,526063.9027698743,56216466,66283111,7141084,9004990,66782667,4448927,5103220,58962281,3429919,82293.2570080284,18274.38809243769,15204.732102713546,23167.274377728085,10430.324366896668,8024.261702275475,4539.305550462129,9303.26663584969,2333.4123998445675,3.2682855723960924,2.702079517793657,2.714994476554531,2.773063539531955,2.4214684583468964,3.1902530639946645,2.1918558365514764,2.3916847852044167,2.6030270173389676
0.7743539993119265,0.3243240312598893,4.675693570383799,1.8762864607155132,0.4045509736593132,2.1141523080478826,8.974451029055501,2.034520214559945,4.853003735340813,21361135.419050366,13296326.311563853,2807212.665953952,14347370.121179722,10902024.588215262,4508397.701970657,2770334.2687444347,10152686.97182751,726529.2828786455,53454637,96392816,9942932,18674949,80060907,6919717,8069261,67782294,5317753,107835.13845138233,55317.86226858078,16956.311238933813,62731.06031418478,28638.994045073796,21372.70259981783,16870.739002653234,31154.915929477203,3371.7118651568653,2.9276649816723133,3.1777077714242887,2.854146345035728,2.3381621424924717,2.939212642127667,2.5117123831953334,2.025066518220241,2.517237937874752,2.9582295908507583
5.769510808674572,0.07719169821946079,10.602641151895357,0.7000136593365264,0.4547882067325801,2.3792352721086933,1.4431441153644378,0.5593402227564419,3.9601905936463595,10813725.976708332,16322700.833164472,2112107.4557975903,7592508.953692693,9951951.015063304,4624161.171546417,1288129.5670720679,6945138.778569235,1182031.8757129235,43952621,78387997,6924142,13698728,71975345,6457514,6049119,63254892,4876629,88207.93232487181,90071.60716472927,18756.738979533166,65526.83908877886,16556.74677169395,33778.8280785876,4860.1971973961245,15409.408028244023,10597.323175298738,2.8606222518067126,1.8570987780477264,2.6510231759673375,2.003748497538443,2.2236179290842846,1.7795189129966666,2.0448051363212842,2.307408177518196,2.008060068803214
1.4921738338804638,0.15523994968915167,3.0927231847853274,0.9426010736911671,0.49404529264126024,2.695446593062204,3.383121471434427,1.5866606348363403,1.8709406922443508,4312440.983701112,11309013.982624106,1081872.9824698868,7144871.49302411,6689349.555497844,2685161.9009447526,3962169.603710188,8064822.448295986,997710.9838411105,78639057,95238638,19411982,17527398,75592872,5531812,9516011,65342782,4985524,90088.41927605768,87778.34673961795,21958.343031839162,60990.03768427707,23414.143564834776,19337.58693177857,25995.31849763435,25163.790722014004,5647.54735172276,3.2410119570485287,3.0078788551497713,3.2872682394416612,2.336964659517604,2.542442042699065,2.377649153397006,1.7917573688391006,2.2635028096421452,2.631686813084749
1.124988632411046,0.14636592455989914,1.6933063079319348,0.38181440412180745,0.4306030583720956,0.9881346719451483,7.256372387728546,0.9686667734091103,0.8274190569856601,2356598.5674118325,8268002.441279522,724580.5026188635,7132839.123974267,5196153.025495685,2736061.893632481,5597941.105800092,4616333.671986941,802354.1904085337,56270609,100446017,19903260,17664062,78022161,6371293,10138530,61008476,5723376,160449.70782848835,123594.19172288518,24946.19817033865,130558.42851348648,39237.316591152005,46102.71847881575,29244.907605739205,24047.40890115937,3403.129084298313,2.53408626496058,2.4881276501842082,3.025415792229335,1.9879312721535574,2.46196240817312,2.070067113533745,1.887603953977798,1.9767649567308543,2.8233197906172203
5.028107429985036,0.21525975313536985,2.887940008801419,1.9602247567541946,0.48825460777672197,2.5486107542597654,3.796168947867645,1.5313475424013108,0.5787395788642423,4529843.831630007,8465303.451161884,935701.6275109695,7644145.26508772,5338817.5398871815,3856331.054478159,3689219.953621674,7378818.372951781,446191.5305736201,41821435,88523008,9411745,17285413,74577009,7988782,8833799,61925265,3366801,110014.59896502606,98530.22264408511,19475.30729337085,74103.04677802869,21655.12110971368,27772.780351707654,35462.53588807094,35119.225785307404,4224.869483206697,2.526153446152792,1.88806193216957,2.605345864522053,2.18118528634494,2.770604026976181,2.280013728999219,1.6437030812603568,1.8184185087088247,2.4185944570977282
2.4381819748558575,0.7953981011599208,2.367692654835247,2.480441131266138,0.4537610618216956,1.6777558247024218,4.861345052005805,0.9898047626037493,2.4009340177695684,10018291.844615884,10645392.438621487,10565007.583707388,10007825.182838138,5561782.418515814,4069627.525950977,3260766.7100255233,9866798.32061831,948476.2353672074,49153144,92440180,29615119,17660076,74961173,7810760,7894224,67275208,4099304,87501.48265932155,97118.71291988982,50778.63894114924,62936.63120450339,24824.60451114469,26010.92094500015,13475.699309798776,22617.487308565425,4067.4302651956586,2.8994296041993035,2.177129626361995,3.0474286567813635,2.268067964037331,2.706348601838731,2.199854363050189,2.0488016296314107,2.359028259348734,2.7094516432128666
1.786122052351817,0.5624509781540245,18.50673489713473,6.207045936716354,0.5690044765997406,2.4027521657309947,2.8552814484937894,0.44281277772999694,1.7982647001142025,20392407.492011487,8087129.750382867,5003137.283020044,9020538.310721252,7765044.934270266,4264720.226306558,2279506.923519036,7882329.529454451,589458.391333726,58188738,87211807,31185062,17413040,80054688,6892574,7820752,65619202,4078452,69764.10876713993,72437.34826956147,31962.78437994636,56977.50708561887,13108.673608322126,24765.07984634905,15275.062769882426,12383.389286527752,3735.9716267021413,3.15549040243533,2.5047567749994335,3.319715197828547,2.3934191956933546,2.918560532484558,2.252356342315873,1.9865453418188423,2.8032022203872584,2.826970064938891
1.1670358359344049,0.38816554981329865,3.2673443375776294,36.07542390337076,0.19273819687127833,2.1450292991588005,0.5064140575721251,0.2993697930018219,1.4598711993500255,30780900.174961638,8500465.143506205,3848582.629754162,6829632.56614921,5374068.1756258095,2322740.6280838675,869085.9217204,5286162.937366036,1143581.6597385348,72013123,93728306,14150023,15440239,79588433,5357779,5606863,59121099,5232126,105507.49237779935,39287.767712416244,15788.52765015325,57316.032892248375,8752.914248748948,26158.318564849684,7277.651694650773,7120.36461413804,5385.659268062672,3.0650720061043057,2.520168611669848,3.189888416400681,2.4098198201786585,3.0027000597379483,2.2817576553653676,2.0787471301705924,2.336478233533976,2.6167080632152686
0.35294005137886736,0.1553816542811604,1.7900895043361127,3.1060556668508963,0.31045352179037644,0.6913129501385221,2.034461227201773,0.542747787275079,0.9589149202480365,21845343.7888638,5411721.636336203,4801473.465553367,8296855.808915763,3599578.7850232283,2088034.0874034213,1346427.1032034738,6864474.092177201,1392097.179756932,43098770,88306331,16017820,11840654,71938322,4418021,6375163,63187097,5850868,153078.30627174067,29420.693065042047,15814.124732990047,36858.55548913193,10156.06405680338,21230.08657781352,15613.305763221826,33217.05632495059,8334.849520567801,2.2150011022868337,2.865642144699353,3.3252351837599075,2.062050742608749,2.840726099869008,2.129251160298449,1.757040468478247,1.9499522728821281,2.422328540625678
0.6822468008315984,0.07530988517259553,2.175798684477843,2.3078881210005306,0.5052773259961684,0.8127211916915814,1.126502404270413,0.40086826404758463,1.1754217452379048,16956073.813658126,3810498.2875039116,2074473.2168589705,10290961.559942711,3899934.521098835,2431365.1472282875,1409264.848320752,5807235.848834689,971074.19651432,44734095,69948301,7458213,13206514,68777876,3242875,6985284,67230766,5348244,94055.27931880145,39547.88972828067,9694.164217880952,58756.17732744427,7573.416641751883,13529.951031914165,7263.342123934421,15049.83870181897,3710.5333354883246,2.9583177190170717,2.413762968481088,3.0762657037932586,2.0952162976154294,2.745239908135069,2.1403775697634786,2.203336924515082,2.441940064065045,3.035276714186814
1.0035848150706992,0.6482346539009259,9.838805896660103,0.9762562006328397,0.43751392115155474,1.3235915612984337,2.7298186036416503,1.4773947021299572,2.1268470933470893,13577553.973600002,9958473.253962174,3449524.9025588688,12467460.91083214,7107415.912239548,5265462.606780032,1928168.833932271,5705632.527093172,965684.2469070478,29739081,77575170,7779360,17872154,71362842,8651253,5755615,62774495,4502111,94846.74627193504,49539.255947307014,17233.469294573526,86234.28824330826,13491.577488455336,31372.961664492363,9148.42617340358,15195.587273194342,5081.956066080177,2.5614399296930177,2.4338329941446606,2.6499512803989003,2.272199846116848,2.823687719493493,2.4337253638527443,2.383806281163646,2.5938043454275777,2.4343887466617966
5.385524953728782,0.1935211472244369,11.26234560484157,0.94539361291409,0.39300735022159217,0.9733816632357369,1.4348910213318762,0.3304543580734361,2.6133666392075647,21132395.07044066,11559068.250246337,3345998.9521688023,4716100.191498285,6504031.6603205465,1566673.4054253255,1140219.9308147612,5261841.97544427,1220525.7404581376,52100075,71479467,8993763,11039471,66980095,3707288,4266548,62753154,3941325,120381.19816433682,35638.65768505118,14198.328628047413,36052.75572954617,12290.040747586949,16659.070485674703,6906.424894745823,8400.859667279108,4381.012136110418,2.7558642145706505,2.9027484545495383,2.8544440043775223,2.3395012309821865,2.5230677180627836,2.4135180406227557,2.0415535655146613,2.1863752413815702,2.2730240326288396
0.2599222440333304,0.22772763460904702,0.7947463177905586,0.9786586996162399,0.20936735151683816,2.1552876571094224,1.1302176944339477,0.18771698722609412,0.6175082541525617,1806805.4992390762,3885511.7359493067,3231950.6630058615,1619709.7874222836,4307876.743675866,1169060.6227469614,508955.0594925114,4727904.052552112,406040.72021751886,6229574,64153266,7359617,2501205,62265489,2879247,4244160,60937743,2837732,9389.688908718865,955.0652521417811,13275.957191188205,8355.206255873156,759.9408496643844,4748.799105009512,2868.4677607498393,985.8316554694974,3031.641181168752,2.6738945202274307,2.942542646442984,2.665976219473774,2.3341000605676587,2.86160727626146,2.474799361364408,1.9739555202484949,2.3738285956280247,2.355263442636608
2.90036646016329,0.1578907966995975,1.447342086152538,0.7590828802331795,0.2581369980767055,0.6905090862229619,0.5635081344417783,0.3787505074236997,0.44426358688681655,8415512.646126892,7577543.365322449,1256744.5114716766,2644861.1074837446,5295246.661908883,1987402.421270568,968403.5812328493,4599893.396049307,428707.31566486985,48295313,78028836,13738059,9126936,66148683,3464064,6203292,62356563,4053764,64422.778349560984,24966.789808471065,12800.792750004824,18733.47818269448,11697.174439534863,10021.716316566042,4016.0583937012047,5020.4400979567445,2122.6895747838225,3.0283076803885445,2.970397870794454,3.268198570246353,2.9974040223525686,2.250019089973,2.4512765791870486,2.2825306240503123,2.7729874744676373,3.2305954890325244
1.8629601925676351,0.17961296375435784,0.9943914918321983,1.4597517226818064,0.41282102324260045,2.5201913933931195,1.5620695455678246,0.7956567701645575,0.5751800827758781,2532638.57771111,7015997.147434788,543433.4697723412,4347687.71313803,4687587.890027227,2365874.9186094357,2881068.0908989627,5289855.565837057,863386.4755733334,80727086,77781678,10324506,13680061,72955574,5974397,6807181,62999803,5280104,257263.08455359947,57371.404529003536,15324.86859316655,43088.90452395133,18275.758764509683,17420.103819963442,13495.486331850516,17009.19771134042,7213.707206716621,2.591188221214571,2.2879062479606183,2.9820942357735185,2.358607267150279,2.5405038839421543,2.1612409997796025,2.108987117641908,2.0734078117965913,2.726771657843598
1.9023986262092434,0.2432719131539391,0.8444892865962271,1.0750552876655368,0.35881923331696347,2.2034118251704693,3.87602960882677,0.8111812972708133,0.6113361678698084,1386790.9185196601,6896802.294328498,510759.7288487061,3171889.9238846744,4826593.4635448195,1565381.43619484,3419850.423907592,4646764.048291488,527335.0213932503,19347465,84223699,5587553,11321126,78307803,4175259,8179790,58396383,3631026,39669.201439471195,92125.20298550368,7935.2935025663655,55230.3602971328,40796.42088343149,8857.504903978574,23630.776556026405,14852.311593668603,3054.650927837452,2.729209293423725,1.713655898025043,2.8923459335178165,2.116677743924244,2.079700519712272,2.5656604855834333,1.9572545951166558,2.0731799108781273,2.533140456607907
0.7932689413782614,0.5329985540787209,8.557151659463209,5.456699217039992,0.7848961123562515,2.732027470942243,4.252922304423436,0.5946297850117487,3.196446870561911,14650755.257427316,10867313.303330883,10168615.31795638,16469305.861955386,6767730.0282436535,7564466.87062076,2392575.1750420853,7931190.415425202,891594.8879148476,39727419,93097874,24149064,27904014,78705483,12450154,7568388,63007286,4090841,96087.07823028587,114363.83157035094,48652.81948215463,76769.29438046164,22605.63388965163,34263.76005367661,11745.022077765298,14936.523211742218,3635.2223157987173,2.9526735432312945,2.3947012262994583,3.1008685045539366,2.471988022930092,2.8849289875750266,2.415653136310691,2.054763224041075,2.3923512261784508,3.023966362060845
0.588132443736838,0.29892673879289156,3.0403639666566646,60.89447379459299,0.16630231686993605,2.0519772620948578,1.1810355314222236,0.15072641637931627,2.3388093408685804,22907583.36868777,9332532.985669853,3701886.2321032654,15888363.78057346,6583310.587827302,2439060.708142044,1084638.7945269947,7189436.274957877,1109044.7463275502,51175164,102864783,18028809,23572408,83405180,4852343,7096701,65330866,6178904,126414.16197551118,35590.20389767955,19729.021205362427,105498.03401987394,12889.660410141034,19760.525835545668,9589.73955773439,10177.15308307194,4099.702403741884,2.723487640261963,3.224405075545077,3.214020761357127,2.3612591018926765,2.8854314854480645,2.171363444715227,2.0936995424570277,2.7290143811017717,3.201639025992593
0.732275659088348,0.3387831210866154,3.0567983723349856,1.816993122082377,0.8243595169745493,0.9229665116848662,0.8468858920630643,0.739045776301454,0.7937586355828756,23743500.207636915,8905544.184177345,6607950.853968882,7846110.513697544,4232954.781579474,3237295.8705478944,616683.4378706554,6526528.176651355,810139.6088365545,45601255,107290822,17846117,18899070,78541037,9149489,5692565,63385075,4765166,140704.94976859208,62067.11788757438,29530.46594488401,55424.12782616561,29844.155296168985,23790.8066933254,8410.168240807367,11910.635933370508,2845.7848347226045,2.4164434933320855,2.919821086063823,3.034249458745628,2.3198918902228773,2.6842671504028854,2.369927530673322,2.5202202296744964,2.5328751024347897,2.7209194544063617
0.5843507063638007,0.589463664618236,4.816395422568428,1.141577755782585,0.6982158188863006,1.5809665075085118,1.781063045102787,1.0169536565473645,1.029893699199989,12646953.31242638,6229866.852720257,11635105.362803314,10308926.800625727,5184869.62671418,4717161.7279715175,1670006.759244656,7006016.779728936,721173.3745956065,26108691,73832292,22806034,16003250,71514708,9276030,6678662,63732870,5771642,71592.24051429669,49791.811844743286,60363.52910386838,70293.25216112328,15855.022531877705,22629.94728423811,6136.180652210462,12514.114849239711,3389.7637966355974,2.3174220372292416,2.594694995379571,2.9537792684369553,2.1523865680467806,3.1659954802718637,2.539475949444009,2.610786587306531,3.0548520307013356,3.097675385280345
0.8297124671004236,0.32799404391521714,10.802350581457103,0.5706339874978699,0.34577993433995224,1.8309252968370382,5.747296134495977,0.8741338484612768,2.7022239318041104,13149711.27359888,17888706.038740464,2670556.05256685,12390212.663360387,9331289.555829214,5101536.376125585,1917752.7320950697,7520536.586489135,483211.2615517302,32073212,88390588,8220743,19678288,78513566,8906901,6086407,64961958,5089112,105027.9599561289,89187.95867241488,30785.24056155348,81871.96324017775,19381.533569627325,29563.8662653797,6870.549079831935,32956.49486406299,2930.8066934758585,2.63421647348277,2.159931969935891,2.7615049453586633,2.3756748322256085,3.027052586037482,2.3348668360533473,2.1050553155614073,2.170766507485785,3.1196085186230507
2.9728926721260414,0.219406953683378,10.158625960229568,0.5929811486523019,0.26997361379396156,1.1981689557988342,1.1796685081927825,0.37717904686683557,0.5130540894238768,3763667.7798893256,16766436.434028026,1723071.4606864243,8380513.830011755,6123684.915965666,3304224.083761187,2179636.1443076027,4348226.373441404,579274.1989232125,36640421,85029280,9673063,17215997,75786561,6970012,7144004,64013782,5373052,106524.407115289,83807.6287491367,21226.823324818073,60058.46600735819,15019.519331020103,29156.185270956274,10148.563536712134,17232.50025630418,4740.322223272969,2.5846896856815245,2.349200386583193,2.992959195465814,2.2409600220659254,2.9250520814875793,2.4134971829651892,2.1292600578435863,2.3484786773869186,2.4966479601106517
5.212687275403643,0.19360059351977418,3.384185547908129,1.270981675500523,0.3788413876582314,2.7204785255771275,2.3244638374773845,0.37806565168940126,0.6206397309137001,2262890.0453692586,6996950.507161759,706056.9243675454,2765693.9795518145,4545904.49566584,1783781.6678120208,1993485.9549840507,3480040.8007432087,713845.7356846791,39024235,81488798,6902534,9815962,71088430,3558379,6554103,59161415,5548806,78917.72001357903,67199.43756277622,10602.47933820467,43025.664712714344,12165.33128817191,15129.701222609596,8425.27587018344,5439.204520164858,3452.0143837965825,2.6942541304571925,1.8156111028315722,2.9050784926202873,2.06422047200596,2.6590440444863046,2.232022150373999,1.9014143089072477,2.1967813555396307,2.893014547400652
7.027626357310071,0.22964063170102894,0.557906831674035,0.8351826252688119,0.6055752838319365,2.006128389517482,0.3797345413913158,0.5223359888710453,0.5790660883131488,2284118.383847289,6497462.845452618,344266.0089038499,2310947.9617506163,5238929.021227603,1534794.7634382863,1691372.8222858154,5204262.705769343,864912.9552660866,10532569,77441093,2530120,9100988,67694466,3180963,7083880,60579162,4512497,16106.907893391126,67106.62053451089,1253.9957178784803,71896.25152019635,11944.464760310288,9241.698517982,18233.014237565276,17303.62736731651,2175.6876240042498,2.706523399660064,1.5536006772569189,2.8639781418301107,1.652296512208886,2.0966634104635977,2.2356413160628614,1.8407087691982862,1.9360713439617858,2.5497871904036415
0.4134431784918363,0.3301432529287582,3.32366781974065,3.2657621120123608,0.19212513860911917,1.0083889289177916,1.6833672917914715,0.1797844126099857,1.9209816557287915,21030608.937874958,8293655.325946573,2635315.5093928333,2863735.9168843813,5499327.479848261,2650316.957807181,923879.6193280136,5362728.906474728,943827.3798922916,39475593,84898759,9760142,7574849,73648895,4325204,4787471,61451616,4879807,131037.19305680913,19974.748909319616,14991.979030821196,25110.17468682386,9259.96722756353,15992.062866862045,6900.428521725671,9092.720117716626,7241.960356999618,2.5312379212038305,2.872414367543526,2.868299099109835,2.524155496688464,2.9462989341826815,2.2917354349000263,2.080178231457306,2.504907461997347,2.358284536479322
1.1128454587026073,0.07746126529962666,8.722248499695118,0.652473869920772,0.07604523117034012,1.4155190603716714,0.4412174687105993,0.14259278828230673,0.5742452680493857,19249738.116942875,5154874.540260846,7154250.323582426,3560321.738191534,4038220.090922243,2006798.0343194734,666121.4026631273,3877237.9608711307,555258.6511559987,31351178,64394067,11926264,7098970,63282278,3126213,3430269,62536630,3940483,68478.5066283633,17302.05793746379,41817.15503803031,21678.87897049843,6272.831329413383,9507.230487956585,3730.657755615287,1577.3135399394425,1707.0696951692319,2.390936204270037,2.3695764089406506,2.391396515645636,2.3738366153261596,2.6001461149179295,2.4819094625421716,1.9263169827645383,2.5289531439427853,2.542412607032851
0.3849954509417102,0.18606226379097426,2.9679650564813738,1.505800659339374,0.15586806374096265,3.0527707860642654,0.7346506311067943,0.21901356110626077,0.49896678547891554,841137.8915027156,4217387.778875614,643966.1461260249,1120121.7501156444,3615329.8024190725,251540.25945316115,995587.1770894649,3174690.352244954,470155.2337185419,3713169,65933268,3002849,3177367,61569605,1503259,5846788,57212744,3659856,8175.060119653922,613.9945703568806,5104.240087935996,15265.06033679797,888.2062900494793,3633.6460378143806,5268.03513115942,2386.749556992958,1285.295995291763,2.7260581500667294,2.9354737697825506,2.214577683152944,2.2562141911458675,2.8451452808411117,2.5131967677470453,1.85532757289949,2.4230073057380332,2.567036713171654
1.490119483648561,0.12192857599250388,4.8681029026096265,2.771386313330359,0.26515469144422144,1.4299879148856536,5.019545500855097,0.5532237789969878,1.2757818080723367,18571905.909377206,14137753.476482775,3333987.398041046,10144885.508903505,9604493.62224917,3863670.227453178,2118391.1871864693,6308232.036439751,318556.5605813662,53490162,85569069,16118682,16694837,71396026,6387976,7713038,64448157,4584195,147614.8055212798,77914.24976625835,21520.3837974418,35672.24610186038,24748.094893084617,16843.404290258128,12845.06804671152,12665.31417355865,1744.7786497083357,2.7011513618537335,2.38296889485789,3.296276275930944,2.7878219250440477,2.3714417625729864,2.73660825539211,2.2029607554753285,2.6122733638787174,3.3020429618772362
1.691467413138127,0.18550528198473784,10.57406335372589,1.001796934208723,0.19502074818044884,1.2972367596817345,2.223575021623573,0.41216212390880846,1.3301687238871513,10833560.469355932,14258915.170395756,4386551.148252077,7645761.043524994,8474203.43003933,2919918.7550908984,2257784.169719077,6969361.965049505,720757.6602739322,47180291,79402653,14175911,14652664,75436601,5137937,6504674,64169729,4742585,132976.6510027216,52550.83331875646,20929.348186951836,36435.31429036361,15603.115521176844,25485.29547525156,12670.71350085369,11963.70766560368,4996.786416559822,2.349322097479112,2.0082294350933783,3.028944114720138,2.463666904855687,2.597893151112255,2.245476452930192,1.8620194066716906,2.3140777120302984,2.903487486471523
4.90058702198134,0.1332836993462248,9.075865156122722,0.47436727923190763,0.597935602813706,3.157916426171683,2.962212051749094,0.9102417072496484,1.3807361332984207,5164993.162474573,15956459.273302533,2621842.1400029855,5337340.321353906,9468930.013526618,4110451.2671990637,4362959.919787858,7884961.254354294,751844.2908578289,42159428,88215824,16092022,16364583,80326070,14539955,9432316,69794379,4932489,75709.64259860858,101588.03176876139,41325.13010509605,63322.69409570611,29500.22032552026,50929.78862820224,33210.35650457282,24874.591996750674,4592.086048418604,2.9642063217089274,2.5189165702863607,2.812652868430942,2.484378887294718,2.9888100778129827,2.4738971133065712,2.1355636611276987,2.6637349741110845,2.899862880504294
2.5657466408476344,0.14907054762843341,1.297668637886848,1.2467181821066227,0.5823016150799485,2.070580531260717,3.3302888099260874,1.844670270657626,1.0314504936959388,4128645.697357947,9992158.843129633,879023.7534234126,5943137.841353523,5662207.2737999605,3185181.0311033456,4462700.041974133,11344975.681441262,786977.3374280357,48892674,96261183,14837124,17758552,78910651,9750266,9807436,70388247,5742603,162882.74586922783,109125.01675228495,23585.48756813011,54870.20956234613,16322.74835848485,37247.21202469151,21421.438112854838,45767.511606236825,6077.409280540084,2.5869533549155124,2.863878978611715,2.922717210878659,2.388115465590774,2.8738423305126988,2.3649685684406903,2.0311458248922927,2.125085548090162,2.7883038856622537
13.054998242257765,0.26363095134592507,3.18365380603513,2.642109759768917,0.6288438779746023,3.8449381564217644,3.2041715669148205,1.3451596562091193,1.3336872217359568,2664676.18527529,6274714.126212409,1011852.9474799036,4791855.991902499,5222120.330011788,4166524.8565502707,3286438.592274406,7711959.725015417,1031820.2819965086,61231740,85251264,13488349,20538905,73129176,8858674,8392936,63851486,5777243,110023.58980313229,62973.12108960639,23549.857556125015,43328.16378430315,11484.657396907032,30097.273886362753,15578.941671724619,17731.150541907697,3839.2667210302507,3.0049206314387087,2.20394568912137,3.073357504168633,2.690432926681904,2.5247799998561793,2.4430739442040346,2.286578962267434,2.251361933285281,3.1702891557844914
3.891640137725596,0.19267342939739107,2.396202029916032,1.3335337369178217,0.6161887922826255,3.2482162609076473,2.49819202513612,1.009139444539939,2.512042296132659,3332725.8392293993,6154741.090022568,833645.3207078599,4695863.129846678,5473029.990932435,2560039.00025702,3256742.68074305,6918023.9056876805,890168.0428813403,23506602,76790220,4909105,12325386,69420195,4535798,8482608,66484461,4920174,44390.13957413827,58842.551919759404,7395.284544872875,64337.95806220741,10297.80519230116,10978.357264933356,16289.154731141745,21543.135366677394,8702.397897541945,2.8447881409679203,1.9299499095948436,2.7649115910992097,2.2096413825061907,2.5748029648595745,2.520626177754986,2.0532994730166614,2.512065109866718,2.367206439483148
1.3100224757518155,0.4600884530594928,6.186522017876449,1.829447713075928,0.5424770227748738,1.8038745326875822,4.004218589456055,0.6956117474318888,2.0216642204123745,16946920.593533542,6047272.903487484,1352408.2083636485,4630313.1574013475,5780966.160775891,2024869.2356568296,2425643.3848760957,7614177.51027279,940782.523621605,39597244,76130614,10181067,10361111,76345869,4027362,7526841,64965293,4535621,73757.36139816116,56135.84395356469,20071.93113679483,28955.076445496263,7632.112687578323,20247.191941294852,17232.553976802476,33991.20654896487,4949.3872512304,2.8445042848697115,2.3014551668973775,2.9548175208052343,2.511319182528544,2.8636860563883557,2.1775888794649907,1.9877300805700795,2.050500598288182,2.589063015467407
0.8425665877651675,0.23231661005735524,4.278050524088416,6.092551253225247,0.40889575031644493,1.863345381153549,6.826480592949452,0.6805807254487432,1.590357707535946,14150460.094946735,7958824.261280397,5463351.964260188,10103488.005637396,5443151.070646858,3356670.30904558,2204383.3356705783,6082671.938845281,1074264.6100934318,35790916,92094325,12787681,12795459,77413095,7773093,9383634,67581057,5919430,74455.5797391007,29256.93402546513,24449.069248543972,50306.848101256444,28554.271200403127,31080.5593779535,22848.897558933724,48268.21843779847,7794.601939483943,2.7168523818774863,2.8440698161441187,2.7668545266362354,2.1070914219489207,2.6110061061801,2.339403889056604,2.130024447278765,2.2088431575682317,2.8368637291383063
0.932506058954569,0.2133014147638083,3.120697995760294,2.3337134339968504,0.41650835264971836,1.5385913003039187,1.2025035515461968,0.39111740004938067,0.8453913965415152,29536321.4566882,6537963.355432681,3773555.450415873,8242045.249204455,3783806.710563766,2985183.6652592593,1894379.301555742,4915332.55980755,989693.5441508044,66512415,85585234,12570727,13768019,68494926,6323902,6960894,62545737,5042276,140607.74459171263,53923.64854868555,19192.410969875746,57984.64562867562,17201.46610767488,26755.83953498317,8787.181639010065,10785.884485926483,5796.7676849142235,3.077168590650669,2.4357174069459373,3.146604311301191,2.2707852807955478,2.1486291527768553,2.4551128673022706,2.125402398761825,2.402397375800937,2.7012845094924014
0.9408794178311883,1.2820284334345224,2.6113330273126207,1.7452117198819619,0.43847897825952825,0.2669155114719872,1.6017735441397118,0.42448110424988866,3.3892800904857214,14848665.460582325,6006278.171462563,6630478.1651181625,9289553.143482268,6786232.780575704,2906318.0218573296,2270193.359371846,5060236.9446634995,1096806.7974176966,40015876,68348806,17351155,13789121,67113505,4555689,6125719,57659993,6131157,76147.74461554129,35857.54574473974,31509.906598698864,57000.977865445915,7507.221131496664,19596.587933068873,17312.84309866947,14564.650183414906,4662.716766990946,2.811691001494638,2.6086833424360867,3.2073016923841937,2.034192227127065,2.787132537251386,2.090089984907547,1.9304900637813056,2.214608232474281,2.61750484560204
0.5261791219844426,0.24319507435041157,4.577060374378931,0.7455765784125068,0.6096837417461823,1.575046822750463,6.032087435499894,1.2469602233189119,1.3196593101225695,17167490.243328538,15214035.064188085,1531179.3053712335,6341225.689193312,9225913.939385084,2919342.9064970342,4296159.362549923,9283336.395025965,503958.5848625916,50382483,85577835,18329519,10076319,73623436,4543612,8325854,66067275,4893304,118269.6190317626,57157.85174159015,22645.011165098967,36074.77104527283,11038.532257383547,23677.3375387817,26541.068213478793,21970.385496118222,4196.277152959242,2.758943653621532,3.061324881920166,3.2826915338269522,2.2325547253141664,2.7698470442237153,2.2481297562785945,1.7629735575753203,2.2879452201522126,2.7418742754251038
4.179298342489616,0.11144737716923661,5.610769634914101,0.916714000390356,0.48311263985574165,1.7688831465378947,1.9222661921977475,0.8215400916845662,3.84930111594678,6153078.374908944,15575783.44616364,2346047.1609521136,8413445.357903447,9456505.85544834,3316779.5094347754,3365352.2114043348,8314990.523085941,1078544.603458872,42211850,81814797,13389074,13997952,75908510,4764235,7531394,65094551,5478974,158277.4447296573,62912.01548794708,31259.309050305146,59069.12012914244,23618.007957252594,20545.31093501001,16214.55053696998,31319.566836307862,5720.998840400949,2.424631656238266,2.4244647204964993,3.126404049039624,2.1485105703683796,2.8486671868972904,2.0685420766668736,1.9615715543174983,2.2300687503090417,2.533764977397741
9.023157274644092,0.25132624837026735,0.3264226251699544,2.3795770478665257,0.2565635854267391,0.9594956743378411,1.7620442456852192,0.34280469617172304,0.47382450546432925,2839766.2297573714,4739404.826420805,859593.9068607229,1435903.1511669694,4530932.335931113,626325.056336707,847560.685964687,4260716.122800611,620482.1172842566,12433868,61861815,6521286,5558979,61726650,3074106,5245737,59225005,3532611,20522.188673941528,4673.661444129023,24806.259960199044,17319.793454246384,2035.734875995964,18643.87875373635,4046.264281708729,2786.763634924984,1389.2744385066926,2.6226231812955287,2.58401571743423,1.9467210289056645,2.2883685571581256,2.588813261132855,1.9032727267514442,2.0241608306404313,2.155544128640828,2.739951888023776
1.2305324799332829,0.21612797237255557,2.2362684291883927,19.129953196868737,0.24604771173675283,6.58707781101085,2.7174490200735457,0.2922257545241444,0.5150374580208069,1119684.9251326749,4925025.958306022,2723568.2287737457,3064186.6680853497,4875965.286001967,889890.7077114836,1115124.0643409926,5027362.755128528,934228.6367412129,6708504,63598471,6493030,4534685,63526056,2502915,4803608,61084759,4085556,3160.0224007085408,6419.2044207728195,15161.057082770743,26857.53736784914,2718.194492146994,5226.209498798096,7795.164366348553,6058.170283378004,3759.338219814641,2.609321216744585,2.155840064044857,2.4250388702814756,2.017536731871039,2.3620694447357886,2.511380663250905,2.083446840368254,2.3471029072919602,2.586147061752677
6.119334671122873,0.2566222113853704,8.439201707535426,0.577795982992206,0.18004946740170114,1.028743945045627,1.4277004518090608,0.27591860047797884,1.1824634498365667,10235381.617186053,9591016.812566757,3381809.4019344053,5181764.819124468,6857374.856972389,2523843.883036459,1577135.646634541,4828252.087078258,553227.4090512019,41644688,67470386,9205571,10439518,68451484,3829269,6044666,61447357,4124835,54693.65084111095,27313.784345857868,17729.278502007328,32028.73167142829,15455.278731382252,16216.131140416039,8110.97110229242,7321.536700437139,1872.5648263675992,3.04963055132976,2.3361277381046293,2.996165616542787,2.5045241837403958,2.3634118035045044,2.449824198126712,2.032379084647493,2.3783055190569593,2.951847546148379
1.3820820821234114,0.14071844680542964,3.1794826401771092,1.2540711364695316,0.35652673256641515,3.117044090962334,1.2288250171680435,0.705649488580282,0.6183768204560659,3066755.190166831,10499881.256731855,653998.4065996191,4426725.577010498,5562171.061477118,2812813.6933045452,2038003.3229858507,6083821.09915025,771579.0611180537,38573582,85672553,9439556,12521365,72788485,7438914,6416385,61570477,4448395,111119.37908785601,79546.5462223041,16641.31239402336,52458.54136588609,14718.716851817819,43561.02327577135,11729.718066328687,18936.779832482192,3505.1336062203536,2.661182542330748,2.715995120422919,2.9964349978312796,2.3239194765267674,2.7802840213262003,2.0587725576453275,1.821128214804312,2.2556168516149304,2.6180625186985678
5.360320159908427,0.21608621575293108,2.123794008414018,1.4906099049192096,0.6218431258627192,2.709554266386486,2.319741759153519,1.2662389478686045,1.1373260815378694,1746262.9887450123,6212959.93282208,768359.4582082508,2574726.730379843,5387042.298040017,3008145.791875692,2297914.671845542,7317884.094351264,898002.5995905905,17975375,78410650,4492417,8436349,70650960,4852292,7164973,62553032,4756380,29422.33703530866,72476.9536637331,4559.6269093963065,34523.21581965753,18099.417740960143,18809.612961511506,16278.292615721479,18616.373588975566,2632.4349241406153,2.5473357502059195,1.4882564180148676,2.7656145827970855,1.9681807586645286,2.337467124803024,2.2006687188040166,1.8556384916915891,1.994182207626005,2.510487388360275
2.5899775817696225,0.6817495826567413,11.39668439796755,11.643511877435097,0.541775654703125,4.5753146699616725,4.359598593498758,0.6162128180609898,2.4708859587498866,13425354.410363529,7767212.429157585,2846374.50977597,7177600.453872765,5350139.990870048,5024199.144032039,2025508.4152596812,5772459.775722765,812750.3400977,35288550,84417566,12378795,15212305,73098417,7266405,7120283,62076390,4253820,73076.59250357532,65179.87646979132,34105.188249430525,44140.13029216571,11771.36612475978,35597.29682190168,14012.173949654565,9438.418265635075,4044.4469563182724,2.8691980748092814,2.4959987756163065,3.043447345407376,2.5048965057155046,2.8979909169798637,2.10844465176847,2.0794545870623136,2.2276467145389187,2.54057791306869
0.7962437947836701,0.25722055444403435,9.835020307635391,4.847075446429079,0.19281301293609415,1.6925797078972817,1.4353246296701707,0.5696473851170802,0.6683125642286095,19528502.600386586,9012647.154723752,4256212.890016684,9971068.546113448,4802717.160144891,3257377.4063711893,1001431.7034038454,5543961.989932987,901793.9620803357,38894177,96317430,12951376,14656103,70918767,7273614,4947751,60667184,5545345,90799.54936856701,27514.345911589695,29439.589416133513,149252.61448176618,9247.266450569612,32651.816028849036,4547.145959291631,10145.356722368546,3008.516173941789,2.52086330979435,2.746958908479096,3.035460229132657,1.4158209225619323,2.753392487924252,2.240643575602884,2.134671941401331,2.3751751046293785,2.666952850481074
0.5636480242065731,0.4451833447663365,3.416634145731781,3.0651094364797165,0.5206297444615213,0.3686696589201506,2.2402544260678217,0.40626122194244974,1.4897862398683142,21899893.565035217,4042029.9135810304,2754501.0424731746,11829284.274714444,5757890.177559277,2943760.6315310607,1173126.997197086,5717020.673804202,1371319.6086457549,48545504,80649722,13684110,17937562,72066577,4672218,6165306,64801001,7769929,134910.78287233607,44674.55395310305,11491.019480701563,83527.63266662815,11073.892330002265,18222.42434765333,6227.716359068022,15461.197333388736,6415.632197590544,2.638586592921126,3.0815798049032965,3.3508641468368223,2.395727125020575,2.7511652138320155,2.2347712666008768,2.55198614001652,2.540540026354768,3.133012982468054
1.3215312233812204,0.5159324214819454,8.828783339404465,2.267230887566224,0.31878414517277903,1.6833825760558438,2.1929058593102293,1.3978528569697344,2.341555195786882,19310506.808359258,12267653.617893785,5071623.884018274,14627478.027377049,7562618.146711769,5528267.703977934,1972893.356366625,4476217.562343938,853134.3088005313,49246703,82173402,12375064,22359343,72208856,9019020,6555475,58304582,5222306,106907.59156525442,68618.69606934933,24903.75043619975,68687.78232888291,16919.443189490485,37310.34893621739,8720.89079824071,21889.47587955387,4446.585254244667,2.8211931513499096,2.3897216275004327,2.779103202440787,2.4664775262607974,2.8382091925226605,2.270784598909712,2.2157518568780508,2.346870656095771,2.456507139403178
1.8570592444217173,0.19254160698575012,22.697761084699117,1.7939104089190356,0.3988625924313853,1.8451654731378802,3.9067715382051977,0.9464622159698536,2.6447524147197607,22388513.135616075,24578936.87392085,5697401.332168019,19284419.689099696,11208821.179463543,6475573.302771329,3995545.2253291807,7800758.700600715,1201275.5792428304,46791748,117637730,14631958,26574229,82339545,9769700,8587813,65780158,6731338,104135.53262139104,179627.80950723012,33962.49400644342,103482.22435159111,21756.920743468843,40305.46163130644,21952.834251307962,19011.922070819062,5448.341927071798,2.5063892279646476,2.402535408757733,2.664614048919006,2.088989370397985,2.9225163088597186,2.3772975929132896,2.166081391080264,2.6761967338928265,2.832409658476158
4.719778020807568,0.15737712696517242,29.677793561754882,0.4668394787167246,0.2853411801191437,1.7089932613830479,1.3129545405519139,0.4468313118748204,0.9027151808556487,12865337.535975741,15165029.33277277,5484995.688632121,9178391.924167104,7318830.85852961,3870520.6670278497,2488422.003564994,5331142.1295361705,930599.1133502079,45171806,84033089,19640922,17860618,75835353,9106952,7366220,62340373,6060172,103053.02095402412,68446.48633456237,37563.28678846298,55358.35929732291,12652.564662672452,26891.75376654429,13104.101302161254,11284.956635767683,5747.264218963803,2.497463537062936,2.3046393681442847,2.9882240666749693,2.14931819028671,2.7766840529696237,2.4862472087685137,2.1750789694939865,2.5638912194639314,2.605708398543969
4.616937976954624,0.1929280223106573,5.2171324094979425,1.6423544414641307,0.33322946431626993,3.263947985346677,2.6768265886470743,0.5194025106925321,0.3789988189869118,3056390.792356138,9300240.666897764,1364954.5725905094,5626800.828044211,4433527.31517611,5413622.864447194,3621489.762200292,4837783.698754983,911481.3731575173,38256927,89625245,8329389,17746285,76715050,10891359,7824753,71224091,6855605,99662.10601943539,68300.4118304559,18705.73952328888,57391.96779233456,18266.01095923509,41690.04288077132,15483.268610449362,40830.29600291453,4711.822070367953,2.5114628892395285,2.944338983951911,2.841262950625238,2.3679653667654432,2.970799967690252,2.3952838139060657,2.11568240210756,2.2957202615925825,2.7134318880845787
7.037544159273598,0.2785177815300959,2.8999322275738377,2.4045069384039643,0.39577327489266834,5.65597127584097,2.7508228858555928,0.5632360817473734,0.9172977365342547,1471033.8718330876,5257925.27987525,695108.1264383601,2029988.4483301688,4700425.304987702,2840585.3000887744,1572275.4767471687,4280564.196917812,696277.6809212535,9906864,72806260,3756927,8216749,67977590,5128094,7157809,58934225,5155477,33344.94761556751,54370.367104908866,5900.112931273379,61400.039365183955,6073.774168374295,12863.975874865078,8915.639887390287,8281.670689330089,4890.770228795266,2.6355495498676937,1.8148331599756795,2.619378034067478,1.5613857578523642,2.358771686426784,2.354686320018351,2.1442871201164984,2.2107129841397453,2.3536282499988013
0.4789236950274818,0.3007140472240616,18.70562946701006,3.582839453767257,0.19955161489746284,2.989310052232402,2.042335573966591,0.21656859366659967,0.8333783358394454,14656118.044246867,6214243.115525934,4382859.440676649,1712494.9655337988,4608059.698225714,2430504.2062512985,701417.9206606824,4178677.311693851,864739.8582494983,30092277,79228663,11134432,5333581,69229971,4494716,4610643,57195946,5458164,88421.22367536824,7615.527881823798,15865.866719460502,21513.699126171385,5836.399605575974,25582.677235836873,2788.6916457651637,4826.185593490223,4161.505958256757,2.5486143302133506,2.8413789238192426,2.950890173036723,2.3419275575561036,2.6245571121302547,2.1283683977866534,2.3878725285278364,2.12647822041367,2.4721025160733054
1.0948124468831242,0.11600254366228951,1.7284119554825452,0.5858567061712219,0.337879562798314,0.3929605736461183,0.7121218070450781,0.22844215487960404,0.7242043847451661,9290461.892673947,3897404.6177354367,2939571.8603000157,3225422.095224362,3275725.577127873,1704412.3842263287,779282.4764152647,3957972.194037159,372089.7470346921,19232072,63246505,5860317,4876154,62083444,2672752,4771175,59562928,4682025,37130.96406404078,27485.571119064218,10274.626919067829,26579.730383582897,3157.036399881499,21206.301873656965,3675.6630000138757,2833.1143821933274,1148.2160525898344,2.4931683054820506,1.8788463415978045,2.7752507938433695,2.005884180008806,2.9709641333865306,1.7343889302157938,1.9219187885805467,2.044950168256016,2.622723320924954
8.158163110429303,0.4537609515647638,2.9024826033145463,1.48401685493194,0.28430265533727767,2.159390057759258,2.281324155622548,0.3306474090500188,2.2354653523557073,17459363.072336495,10528912.819043536,2385481.0470222617,6874774.440525932,6133127.98919747,5724337.953365897,1292787.1809122905,4477638.802481005,477226.35016606934,54870703,69418419,7509543,11084278,66679108,7684684,5504354,60382702,3613890,114000.76838011172,25510.586067363558,12583.100376061793,36206.85560296599,5364.129206363544,32600.266603378575,7611.754495479121,4819.070214301419,1713.1447399314668,2.7788817047431165,2.183739505400232,2.886669171731826,2.4776709655570492,2.375385505488026,2.029098494037428,1.8411232663089065,2.3133690156922446,2.1626409623185774
2.078180387200884,0.2163640540882503,0.15630682754572614,1.7776329627367715,0.17593512837567335,2.7442306658463242,1.8720948084145663,0.19146415374554826,0.5558925086872804,341248.7844677025,4492592.080753762,58656.54078863249,805545.0243446059,4128732.493550719,268331.1064647517,161514.27040518494,3762395.7541794768,351100.72464854433,1263817,68256748,707217,2314978,60587542,1397553,2161739,61156265,2521470,1867.6489471360621,50.270635010533724,54.12281105856531,6752.551789028356,268.10107034097166,1778.2365888083896,809.7131741472535,564.8823511799784,569.3781819701771,2.2818795900450484,2.9712539325036005,3.278861016638743,1.7315532181781312,2.504540963760559,1.90963265670612,1.936543622225431,2.707055008416564,2.502612270146942
0.5090550464554631,0.19512013683438795,0.1631449595416331,0.6205645918153692,0.19423508765865122,0.23469530475110684,0.2633783467425036,0.2174340057919971,0.2312476705101179,47547.25678337139,4420380.546815266,44319.675207330525,127919.67999282641,3945370.9943846026,91855.5526504701,140511.29625870427,4121438.497714742,161969.71553650955,698419,67977652,504094,1863642,60392058,1145846,2579238,61844059,2137395,51.63425680877199,22.048500685220915,25.38902281965224,199.8730439646177,13.742706606623216,70.22421125109467,112.64757523848434,46.863233440282386,50.76338171850643,3.1547605003714265,2.9979792552245037,3.102645805285529,2.688023403549847,3.0637176783950073,2.9199661391411285,2.4090481164594366,2.9774456948704615,2.8977197723979122
0.4838464594458498,0.20177374920776822,0.27004906645043075,0.698716046481475,0.20823480300309422,0.2984673034308442,0.2734107530123564,0.1936049515283994,0.2546542019994027,45681.792206625556,4480907.674363624,31785.53014643551,132110.98851176124,3996509.0258053434,71199.38465951022,186765.47333578952,3973883.2010023193,147706.01736300497,635817,68388190,471328,1635157,60666909,1064999,2947869,60996837,2491707,118.8135508661857,14.66422187949163,34.48202414943394,611.6541053289272,33.65422364409682,149.31582023062333,65.70944416491527,114.40536827909976,71.36251909281343,2.730362580307738,3.0403955013916732,3.090948732733907,1.8315727026805768,2.696313379095966,2.551318468229384,2.5660421381618135,2.716775551818245,2.8654201457295256
0.32006823590525096,0.1925988708412048,0.3885514615371601,0.21730353115084716,0.19855449218070265,0.18097962437973447,0.13761824523532443,0.20184837865617328,0.24522267583105337,45931.948953099185,4450773.413897005,27791.852917838085,109734.79851251321,3946309.381222739,63532.20283793749,201341.35185032233,3955535.4827697678,187391.6117464751,691061,68221433,354727,1554682,60599134,889057,3050962,60765658,2265288,50.57582527938461,22.83457113839423,44.31779430586237,75.73039075415888,17.560889104397678,36.22858683070181,73.10362195777243,54.74408530577342,87.2105714765695,3.0051997130706596,3.021928735320926,3.0017671417712783,2.709295711386515,3.0009667466885626,3.1071924992813447,2.626661455166456,2.8506998330527087,2.832759691483404
0.39627969497536536,0.1963796898124075,0.5142215902274073,0.494475628850302,0.19550023719006482,0.4773336789866749,0.2756046602806571,0.21086069586068515,0.17455987582874713,53827.5922915197,4439062.70579604,21466.61061045552,124766.62154643629,3968064.4773751255,56767.969267947046,230273.47121152453,3982412.3091554753,127713.14728464725,795708,68082515,335833,1902457,60071615,1010840,2491711,62292032,1696811,75.2936607122199,68.89872747245128,43.46538990898033,147.019096005729,29.586451513217156,62.91307199159033,254.81031326303972,101.66849796012367,175.1281167232997,3.1026538303551257,2.735906753862397,3.0159264829012575,2.6791116660681373,3.0375597738793743,2.7897524819004142,2.246377247374663,2.740967279857651,2.6073631683440306
0.4502025349290684,0.1993641910629839,0.40762728523654473,0.44300602080580936,0.19979174949073747,0.23589085612391297,0.1598221691749277,0.19428449964238914,0.22328772006039027,59705.72528475961,4408601.1556341695,22486.0001236311,134253.6795598691,3955921.419631377,67661.4336638356,159277.8116169505,4092373.713193672,105947.03549839683,803192,68143864,300567,2011726,60223118,984003,2319843,62358005,1486129,40.66844157521341,14.081698190742804,35.53285841181776,145.75056302649605,43.06277848564483,50.07234716467302,52.93774868550908,30.671083301086096,58.247944140132965,3.1611644557200638,2.979860312897839,2.9685674579550296,2.629837179127109,2.9393115625927813,2.7939104431837203,2.5637789719383877,2.92505342840247,2.9508027249577307
0.32574789522401393,0.19403822978695054,0.19658002025877183,0.347294324480321,0.19922570620417707,0.3429551373881504,0.2996296747863383,0.19372089747758228,0.19939297360298455,56387.95827160834,4460817.331003603,16617.6723966176,142543.01768491836,3962683.2117340984,59790.00981928357,196431.91049831978,4043998.0036340794,107796.42226706713,775613,67774389,238544,1975102,60520637,929453,2488467,62159546,1487880,49.135942325422974,32.15416448147628,24.905440911216793,139.91667571115008,17.985138616380052,52.10961613992654,76.04449547361726,27.448157078095335,69.14238855636458,2.9925268011672133,2.9218627170881364,2.981639752850654,2.5620826506651486,2.9436448823066397,3.052548137750862,2.6911424832303066,2.892355488550157,2.510566436020687
0.43181304888579347,0.20005056047098702,0.2695713999919258,0.4850826376820097,0.1868057487963891,0.38413029381154945,0.2688612797636603,0.2164777288835005,0.17693563766997325,67711.29552731855,4424722.387378208,20630.700233006704,167571.9041029282,3896154.1645263983,71591.01638163486,148376.55149018756,4122059.0843340545,93319.72588627515,880996,68081507,258984,1960447,60120257,941497,2545997,62113444,1562502,96.0585155992282,23.169782978521184,19.501122773329318,209.02895488910025,23.234346777094842,72.28513692648859,284.4840578226335,27.989406886860596,66.88998993358594,2.494133498899441,2.83997826351012,3.0061312003307847,2.409121224483778,2.7768022990274916,2.585203584653172,1.5180667909406544,2.927020702513161,2.7610713168237484
0.24154421158235423,0.1944993966485767,0.4743960013606142,0.3036161338606367,0.1975271285366901,0.20800914957512512,0.16524277227928766,0.21380035596478128,0.17861207692064782,46858.48427498598,4405561.744728091,22338.850403656823,115218.48560943473,3982116.644117828,67252.02021124368,164448.77423088698,4080450.7713264627,109958.27635680392,708563,68143864,217984,1762972,60625901,854095,2511293,62659271,1274718,28.793439610310475,14.867335597765218,35.676571791539175,112.88641765001667,10.583096628654772,58.88435126572273,76.30869806092971,102.77249980480993,99.97123639627017,3.051768839815918,3.058528146164067,2.9597004535768425,2.5205744069877047,3.075551471116419,2.8634988703687743,2.372959817546419,2.7630548188668973,2.875041012560296
0.9182846956505157,0.2016024964350963,0.7776450726317692,1.1206613879322203,0.19384769835216856,0.5948303194925924,0.22105057416190835,0.1946942240075078,0.3094984108472334,84216.32529208345,4488812.577036935,21302.710980103715,214020.91775891988,3919279.321427693,86006.47195375757,154857.94750019308,3979531.219596736,77260.03016669539,807121,68203869,319133,1787061,60594883,966173,2427576,62216459,1210875,303.1257214638296,20.580703651000952,60.1869689107492,1239.6551096743435,71.60745590880563,261.38315662832986,95.92031056966601,175.50634433240484,65.05433329525829,2.432816740014239,2.8816869700860472,2.88794455879341,1.7641003304472032,2.445215833523421,2.2550705771014528,2.4369737797430293,2.680797182114289,3.07210265097087
0.47741160651892284,0.1977525557411912,0.25404204082017734,0.751819113912822,0.17715486696306418,0.558860816635463,0.33739070956504874,0.18665681742722248,0.2893485950382464,69329.81730887652,4453602.332265826,22165.120882779367,179769.45054046367,3891059.071785246,91110.31801359779,173632.1127676136,4069911.350956594,105153.04173203111,765028,67876389,273367,1756290,60530647,961957,2537332,62180050,1189074,72.67439757533559,24.635684212425762,51.89363556043457,461.7162144743029,39.383088373445894,75.48288166684232,92.67685955942721,64.97265870456555,53.432515464516094,2.8899845940248547,3.0125664458800916,2.986477405478591,1.7742493785407825,2.7359107169429393,2.564381061455184,2.2975651570013027,2.7824219036567452,3.026808439675637
0.4764056957808525,0.19723864938968022,0.4384734011766951,0.35780713049366664,0.20428311589154124,0.39537216904628825,0.15479059517890154,0.19905695715611765,0.3785465201115251,54966.186093644304,4399332.32480773,16485.641127842777,148317.38952036598,3931150.4438451743,57089.03413083572,179600.02562782762,4158644.93353034,84968.65091917966,771069,67978170,264207,1908791,60438287,894613,2498732,62399514,1283618,88.57588490364894,13.57475722007561,26.496261884713864,431.24470825928023,38.52055648970549,149.5835079958399,189.7140332198305,89.13830359818797,88.03159016582529,2.9271518659295257,3.130780955802358,2.9553792105493977,2.257606924108325,2.846460411469427,2.555375211190918,1.9891509265445357,2.796003643839423,3.1109058979986024
0.18610186905219073,0.19505202127461851,0.27629342579114713,0.2678883535191618,0.20440822038222534,0.4600862722252586,0.22068965872678561,0.19151091799292078,0.293977506765156,53444.104313945965,4456468.948730465,26643.766625495464,111227.72772971941,3975353.1947212275,74047.38134678385,186683.337705277,4087029.8461623047,90326.90675805663,773496,68101587,298824,1797631,60433654,995118,2458717,62674921,1277008,36.66807523850947,14.42918175941577,50.8049003417982,109.24169619205861,19.14929267433112,113.8544832324385,182.31325271946406,116.12462094859318,52.79148151849492,2.968408200225442,3.173850629090505,2.9316347336877224,2.5401698422219154,2.952046122675092,2.6046942207000106,2.10927825709029,2.5569499268541795,2.957793040164124
0.31002310283172413,0.19993494204130247,0.27197735853155053,0.3037611458547999,0.20706907317455112,0.35623884233703446,0.2126595738619931,0.19691287848568773,0.23650700420200774,49957.489348350326,4448573.475746885,23545.67079418466,142036.01241953298,3911337.549005432,63540.58694126115,153877.36525715853,4066919.5134435957,81410.09584266965,768194,67893187,274664,1969438,60146089,939019,2398406,62471765,1175486,53.68646656902793,10.327096845561906,25.384185075028753,157.90546280063063,15.975820134781854,85.85348404143258,26.03608952585618,40.15795644136319,52.924862795467455,2.9234583645256818,3.1187313212070236,2.980778385460574,2.431375426946258,2.905530914435683,2.6735011598703613,2.8496674292628477,2.9262903685595196,2.9965710008172177
0.21491043042545477,0.20432704235751595,0.34427898037174626,0.23037667505245005,0.20371234564056628,0.2925686083290126,0.3070599451589978,0.1875993761932343,0.4046176682967195,43489.230222012266,4493070.348685113,18915.465213429205,122222.66663195446,3988436.864917128,68559.11676367132,175293.54130736398,4090041.9205176546,88269.7965662516,796498,68382482,219104,1836178,60278521,918097,2456622,62629981,1179510,36.01650896578026,31.81614993530504,23.424632321609078,70.67041527379993,32.02966341105229,64.32605362721003,253.55365288307416,36.58873218063109,96.73891467716072,3.0593197350744674,2.5911667301431036,3.0690606341256466,2.660356180893771,2.810013022619307,2.9416732018510237,1.7286704756343259,2.791077551937035,2.740986464592625
0.3107879594189404,0.21798877987150764,0.5837141793474598,0.2558223725427297,0.21114963122252342,0.3256443057850681,0.8615387465041736,0.20068901838350867,0.575389659046659,55660.33148605464,4514301.955357423,20400.20552100099,136639.37832225047,3976583.6440006997,66991.39498984665,185313.87930375716,4118005.5359168234,71146.4751034132,818488,68354091,243747,1991593,60218145,983038,2185460,63111624,1013909,89.30633903611863,73.07458567203746,40.417875000712705,108.31181394426378,34.19298693414169,56.72731587712464,381.28707694835816,41.109856419151534,69.7668233712634,3.0789803223869896,2.6764135499117527,3.005399795906783,2.5307439644021223,2.727780391697431,2.903783941893015,1.8958473349883098,3.027279198091473,2.76542615008159
0.24291094158163784,0.19967551040012857,0.6400335273370995,0.37951251889390947,0.1947707374156113,0.31600130777875,0.40733663606149595,0.18582571114629184,0.5217038273441372,56338.34138576832,4472971.653337057,21284.9813667344,160247.19220766192,3946160.542084629,70348.14131252561,179865.0205832002,4088530.19610022,85131.32237924273,874733,68204893,254583,1987972,60226278,921656,2205947,62956573,1045400,61.73452198175168,63.03941117164405,40.98388533755889,199.61269578925229,42.13057661026758,126.42571219210173,268.80723400827844,137.45428472126503,109.94542139689179,3.172085446653647,2.575722931996755,2.9260026167032924,2.422010511810657,2.8311238566747807,2.4561629962754807,1.886630225375966,2.4752238302432685,2.821142041123734
0.4173348238041765,0.1939103570736889,0.8213636783631925,0.3659494244334245,0.1940636255356946,0.47397587277089237,0.5879732106165452,0.18473177983763917,0.2794899019847837,91496.5223867011,4446371.774371964,20313.886402325625,236064.48358076473,3839259.270685149,99792.5526248206,118626.65448514285,4197600.496638475,67343.3526798139,1067762,67840987,252887,2459530,59587676,1115821,1950260,63320047,965180,72.86566002474208,34.22486700370489,47.86961159391453,193.53067454942214,16.43603729889052,90.04033131294915,199.20070641305895,103.54547203553804,50.127358006755514,2.8742758616605926,2.616750528805722,2.887356803954578,2.654329340117059,3.0263844112970624,2.6133183714984485,2.4084140756748407,2.898592907753179,3.1295088671378473
0.2951599206712074,0.2002886791209326,0.47634545976707615,0.29534153918402045,0.20295198458522437,0.3379554585065319,0.17343404074783977,0.2032514319071541,0.3004220811653174,61756.146131286005,4394347.577508546,16694.587389375665,161438.2675337469,3915493.99467451,74274.37490382457,117304.0845938235,4145340.6774610532,63618.63850743766,958881,68065226,240504,2418316,59949847,1098782,1768326,63598609,904196,42.260924986239544,44.47662086168141,32.313821965685406,66.01882375063103,17.681385405584876,123.75273897102001,28.690131133499108,35.03413703733212,28.931374758211117,2.8734175851275197,2.8429130555175193,3.0356123481575468,2.676108311386017,2.985528068201914,2.501591765233783,2.7859697171014695,2.7763666784960725,2.888969468592448
0.36889440949672514,0.1912361783294268,0.40456687801886837,0.3841147426248173,0.18817563063535023,0.5422661765706541,0.2673985055600023,0.18633951757846554,0.25671178924080357,79957.65900493109,4366036.927682236,25366.62588509781,195457.06121098736,3799018.7546333014,97629.51482590541,122013.04298061939,4085233.2325515896,67444.27367976976,1002639,67899974,243902,2316796,59772053,1082118,1890243,63695779,905698,65.43189191996268,41.33369687630483,42.27661155531463,199.7662144235975,63.36851825213144,181.21764514529724,81.5936004878535,97.12948941421202,60.481289596575124,3.0900828636116877,2.7411244190730892,3.0379359655349187,2.523193280548937,2.705948262135422,2.3701203554266828,2.5761609070119045,2.667986110468947,3.170290076390751
0.42238347225033596,0.18397095806822283,0.26971113911777966,0.6237400170963625,0.18682500588946205,0.48484549044703734,0.3261331738237042,0.1922942619855349,0.1451242078777103,70520.13617280437,4397598.046330701,18305.74396381525,181220.64902853238,3865938.637474515,94305.88544795418,137396.52649972527,4077182.377715108,56184.87943656082,854418,67828180,255384,1991804,60186312,857485,2300992,62871985,937721,78.5229514237112,122.80071867189426,50.90396686384243,394.1081490066476,59.40032569461209,266.13251691095473,458.2378339529819,177.29862448904413,83.7809021881296,3.117763795849301,2.354162509513597,2.92900798176223,2.234971744744042,2.510431021468553,2.3087267528483584,2.0258246313794355,2.528068859088714,3.108908029399086
0.7876056043487518,0.20710893055201582,0.40311588787681074,0.915338278784583,0.2041788328861338,0.8459092709022165,0.33925047806693137,0.2226662515834574,0.2572078168238564,59327.454282134924,4402900.847745817,23313.171454570394,186259.28456239993,4033453.352931028,87312.16901104042,176324.18825164367,4190966.521500898,90423.31044633641,652930,67858826,313533,1639492,61101840,849463,2640767,62821382,1065869,316.502799671441,16.496498874204303,43.9378063449595,1353.596951436942,75.33253839895487,520.4751937315152,200.41854877656127,345.82409488860117,193.24197160335746,2.615293781833718,3.005654115851363,3.0852026519651616,1.692747374798957,2.768558039782665,2.0111891549464938,2.268209105474598,2.166237118445932,2.5749887637773616
0.34593810007422204,0.20869293187914797,0.36671921887717573,0.31655601630852914,0.19545521889153852,0.41881020161504334,0.3536351896254056,0.19859763537420794,0.48586353988545833,60026.15693023406,4436078.336869093,25951.976695261474,109313.43227658012,4026294.0041770935,68634.09378568533,272703.4426246724,4006027.0550003136,50330.61657380797,967638,67921066,254424,1522299,60796460,720402,3213121,61926934,529044,78.3628817769109,18.001331399580458,104.07919331153056,150.108520213463,26.349103901940566,106.32192299229496,150.22614055744242,127.04499411481255,109.21727126989362,2.711920177519177,3.1439669553207623,2.6712607551270953,2.4727892579612303,3.009729952326679,2.570058492017475,2.2592165621249194,2.6275406926425533,2.7390225656293725
0.27084420526555464,0.19875357872782434,0.6221651633136507,0.4667673158263416,0.2050971175929405,0.48971286789425017,0.20002075528116178,0.19707663683901402,0.33137867886153566,89589.6267629168,4436091.834302794,16726.725952779667,170374.58765608582,3947188.1721502244,57054.08464561658,216284.6803368826,4037532.1304415856,61759.48233492189,906496,67836789,313130,1838515,60281254,926118,2675797,62765716,862114,104.99670724622993,24.32861328125,60.5128542397368,630.8874183841319,24.801081395326726,96.7166626147717,121.4164958593687,70.02462506696217,51.86972663916394,2.9335625761733235,2.9728721968339045,2.9553220052024436,1.8138738382397948,2.8304798029891605,2.6084775200656014,2.3785835727447115,2.699674209472568,3.0241244979253175
0.49832655535959686,0.20503261764943737,0.34451485618526856,0.658196173229465,0.1975938323470523,0.2658485721066209,0.38597657419210474,0.19873234486633112,0.25321473522475835,48458.154763209255,4485294.652816268,23991.327647355003,127034.15406874513,3971253.6348097343,75043.56364395881,218007.6293627622,4032144.6756676454,63741.39072640489,766044,68120013,370230,1753510,60502596,1076962,2587442,62694772,763502,143.737035839136,18.510446179134878,52.59032634010234,481.4334932495236,19.657382148678998,52.18547703458413,73.92134854932932,121.23518409750562,49.19990640707947,3.1413881667167343,3.058582871752934,2.9953791251986903,2.1589119187698405,3.065298996276227,2.742801881373288,2.415881870254238,2.557087553126854,3.0243071551861425
0.5829413582230659,0.1926910186539997,0.36401099834402817,0.6470515282989592,0.1990873185739868,0.3813205247143931,0.2871546170870281,0.20301202642275912,0.2063424887060039,76764.3455596753,4468507.157700333,23776.603439375496,190533.95805280528,3895278.416488032,85233.60776648899,183131.13196598412,4076946.8327331087,64913.27962699505,891892,68123113,326864,2025841,60151814,1025381,2531781,62599450,988593,140.4812436975733,29.226816575390174,17.05765236745525,731.7277193877314,43.20533168653223,162.3980151666399,149.97129552629517,57.32625997636249,47.38962712674741,2.7541213390834214,2.8375436314707483,3.1404237388146585,1.8752444764301865,2.519314715352944,2.563597376566998,2.232746961066068,2.819744674056177,3.0131677273644764
0.26993897806248485,0.20238886137243434,0.35253282770668054,0.2337868638557493,0.19949127602591135,0.30230481423401256,0.42957507635906855,0.19869428878308784,0.5077894531083859,52420.98639955078,4459794.319126658,25760.026958355644,122822.29736350037,3934720.545503425,81440.30330830377,137335.16981620245,4175369.5591366887,75041.52699340555,818135,68145715,297024,1947454,60211848,1005995,2423505,62954957,856200,30.70947265625,43.324962084660726,28.33742059919178,94.14676106900751,25.250448652248917,101.46017807487081,161.65403412574275,66.32213196001149,174.31702006425155,3.1114320608274744,2.7772617100354107,3.0150608270803785,2.787981069307054,3.080591572631554,2.843269932501018,2.177337264512997,2.68035978753643,2.497907567835747
0.29925880592242926,0.19967850584437594,0.4537220566408131,0.2708006651871485,0.19972736167686297,0.29910830813258427,0.27036484131918087,0.20859675442439646,0.18991150846717547,54747.85106270926,4466478.674749775,19835.9236879917,123232.35215049461,3946220.334509016,63564.95794976644,171341.14948867695,4097828.7259764373,43867.88813752054,844195,68329110,231264,1811326,60564591,811618,2849345,62523141,522102,52.95320291044118,28.970535756619146,29.359880852227878,102.69025306276144,15.627197265625,59.76295292249927,172.40437036121577,41.5426689875367,54.0507233222022,3.18633336266614,2.8869961528443575,3.0216893743962348,2.6401765985017356,3.024425567266184,2.7258822601040356,2.2442265505391505,2.8583854045186037,2.9504957816645367
0.2355828536372484,0.20459382480035976,0.7287923802441097,0.23382351823488226,0.20678743932029697,0.5281183632650479,0.3795783955033718,0.19867221683246356,0.46360846620009605,60997.46222785175,4500509.620018908,17997.5480746784,132489.92177495942,3986668.30077646,66217.68003625765,214291.57865006817,4091307.33135753,31570.213860133226,930358,68140913,276263,2293285,60150104,1045141,2427411,62736845,536212,34.60031033803466,20.297065201566138,55.34256607726447,152.52206349058247,22.25948420950018,131.01251762967178,211.86709058678562,87.3539962402502,72.31661176763822,3.076459051600474,2.961890514248144,2.8192750169803666,2.421770214101433,3.034892195644159,2.4261539024838656,2.239692255195849,2.7699429289956017,3.0407161304123793
0.27631792349812623,0.20690504221042294,0.24626106664210903,0.282458699464067,0.1997334697436946,0.40004205813152366,0.2552778208669087,0.2003229820851902,0.205718941668402,70976.93046055488,4469112.126492316,28622.5035270318,164521.95886822446,3909053.251508309,106262.776255238,135868.94067494373,4192039.737291188,59520.73806788907,993062,67874307,318747,2453047,59627005,1251464,2048120,63531738,752314,42.63592502897217,12.32636224650388,19.102598566848517,68.7338606852688,19.74774714499688,126.79785360574732,320.2480678606261,72.61665160586648,53.52234123721163,3.0146163648574253,3.0435233401403545,3.1570914219961725,2.8897796659446993,2.996826100053089,2.5472233277713037,1.8368786377226194,2.7917849776539416,3.0073816237330893
0.24273094231273232,0.1917318709963898,0.6237409040930182,0.2889150458145041,0.19818630543755178,0.38564289127577017,0.24722174506836622,0.20167127164496987,0.30390621282426916,67002.93614061075,4410057.041031539,24619.814032295682,163262.14609336993,3892155.8591264156,99424.03058468018,139177.32923818554,4087103.811837244,48367.10597562987,1061001,67489785,287304,2370247,59730866,1132820,2208807,63379869,790439,49.04519141943035,19.303593510800273,40.0092500264481,114.90481585657791,22.277753197597665,131.33457648978884,37.8623600324443,202.27616897588985,55.07589810308781,2.950407721955611,3.0714415588237953,2.969971002228001,2.649362031582953,2.934565125437852,2.54379144437081,2.913034320357213,2.387747087882092,2.988622266604172
0.9652711866165871,0.20514271415603527,0.6535654921945258,1.2148453187284767,0.17884376543381353,1.0552182699075623,0.2921440365431104,0.19356295637848703,0.30356871976060024,104806.64695059379,4458970.108760796,21303.97005352029,270894.8140011181,3940278.2114812885,112738.68701051033,160102.0853339966,4165991.081044405,56913.01640945988,1259145,67539629,292464,2612451,59620372,1182677,2058844,63266400,520336,197.70003185704968,45.05895776097728,58.04741960635334,469.5078219500417,120.96818030232697,173.4382571381867,286.15360484675364,130.82805215220284,63.729681149164676,2.7011696693831126,2.863997115082864,2.9768616939818213,2.2233275706453943,2.458296442633678,2.4944147930804474,2.081663502347217,2.8381368786969245,2.994390150127633
0.4548743874345503,0.19914686542827462,0.4944344877733022,0.3529231784431524,0.21188108406753686,0.41635632044641513,0.47944728067473064,0.21743044660196564,0.22072825338763305,94341.1146117922,4421656.074669941,20618.286726507245,219170.60286968577,3883450.727905057,96256.56635167655,144763.82485085816,4195614.5498908665,35460.234416535735,1130137,67410741,369593,2461771,59426908,1194205,2100839,63571842,639279,249.28672525188972,43.89578595954027,31.08012260128948,257.8935789004064,67.63389255040242,195.66410494506925,233.7606785681752,92.05741474575593,66.91090330208043,2.873072210523588,2.8986385425007053,3.1233296660709287,2.3281197833300693,2.6944320049320387,2.416213394966011,2.365459104911338,2.6643326294231313,3.0073831995591203
0.7449051895977397,0.1972919216106378,0.3884225122775724,0.7255591573166988,0.19106675482584476,0.8071745485382065,0.3653296715264285,0.21374609297518335,0.3308360066565812,85224.5560147694,4450463.377162511,32604.706882379527,185686.0177442312,3941749.9093083343,106858.21724369068,163415.8150503214,4129111.1513900957,56556.06073112524,888147,68102787,544466,1958110,60176595,1269620,2606933,62148731,1414033,324.0618975541961,19.166758515871802,20.86658024029568,755.8884657772203,41.9674056490008,193.77882067203106,167.6136658917416,174.106083536563,247.84134984554606,2.8561487250810838,2.9743604413949476,3.040830166472203,2.1615481738930074,2.782573114645164,2.5154034068527147,2.599364669301841,2.4236078593957586,2.744129611245488
0.8310755118468569,0.19868086371075505,0.6056915177668379,1.065632892539721,0.19354447081268353,0.39953386196633817,0.21351527613098834,0.22085679341395345,0.1342091511463668,54498.64147413055,4428785.1616632845,38156.41442152307,134353.13039199915,3962613.5800769804,94381.41064202243,262982.9989450609,4098809.6468957746,132085.73419155454,603851,68121781,578792,1485832,60595681,1149317,3368064,61167106,2677382,166.3785161018567,47.964370288343424,88.92859554788926,539.0444998303046,50.76441865614696,338.27429505192913,1027.096335651804,212.31002229926625,754.7647385616858,2.965764276016034,3.004189898866116,2.914865832373198,2.2438810021464395,2.819568771015467,2.4443065815126226,2.372852606839678,3.266968569962699,2.9211471761256047
0.9016698673702616,0.19533678462768547,0.33290951163368104,1.0101678229569266,0.20660174300717368,0.5500182236049119,0.45720963551276134,0.213628270856318,0.3116086355416972,46040.52803234644,4407744.7211828735,49871.00680299825,156268.52509978408,3992039.772269818,99573.43380835257,227825.9135083664,3875959.9402052467,129926.00818779357,739196,67984552,748343,1483383,60582229,1377496,2879985,60949191,2341564,193.51884051922724,34.70911213764752,69.90501829176534,810.86350270977,65.8239597334499,306.73006430741714,255.1828538472052,187.162487134969,124.63036236655878,2.7611114595695736,2.9314198774752454,3.033565157880057,2.3404651122932574,2.933621568153632,2.479656937879488,2.455116086416519,2.930705483629342,3.1764000527985115
2.458718560044291,0.27139081981481766,6.564167382346908,0.3933310396326614,0.2765168879328666,1.8758095991639563,1.0624343846864546,0.3177733052266385,0.4830035511956528,3366462.958030603,5906012.501413317,1052956.779748913,4123148.944295369,4428229.569603432,1764601.4600819293,443156.400663839,4404585.350977722,219660.91759756452,9889775,65571775,2329976,7178240,63776335,3114669,3516327,60600924,3174746,19368.381991102964,3195.011659722321,4279.930696555338,39205.58390023373,2826.810247009382,10606.819470583672,2525.6646992568676,2492.0599987824903,767.7108960210423,2.776268425539174,2.401021675573176,2.644312636581111,2.117304981927454,2.596500029736244,2.3809358674624685,2.070843949233238,2.5898427894332046,2.7509596573307364
2.959211494129083,0.6115180273351327,0.8061351538848919,2.3945782977632595,0.480017459763288,1.0037036286189314,0.7384202533492722,0.44351319261673133,1.941727749605816,19775135.306936555,5921943.705466973,1020839.7615847124,2874756.309203851,5125022.807398913,1680599.480552753,550753.532326672,4686027.916477587,412489.05749237933,54636525,68201900,5427012,6877691,67835668,3369517,3612724,63320763,3909563,76432.30496954653,19366.69428056503,6894.5078002789605,21291.86528453438,4731.6984211118815,11301.848653509456,2613.0521703333616,4177.693796798417,2069.12438950567,3.263971797828777,2.967782939493654,3.1399124627075943,2.837780982233118,2.5777550565669203,2.4481765959967214,2.454611365830807,2.636834652639919,2.979637278210052
0.8562896549219634,0.41613770713217346,2.4852110416322963,1.1210399445985415,0.19513236128706762,1.0356555800669192,0.9644099066501265,0.24847965586503112,4.079442878628568,13235707.523053806,8885143.98739776,4749199.614898246,5757338.996640704,6931905.4011715595,5460093.791423724,604119.6023275178,3684549.9979473045,986462.3915863789,45425166,72778804,17566612,10537897,67702976,7010405,4560585,57349490,5770670,62456.27619133425,45465.74917261455,15024.852339133706,41101.16311300412,16351.996114168085,24055.00424292477,5201.7933313955755,4195.26958569331,4296.836326222673,3.0288758294160885,2.6849487872926394,3.168187130348433,2.476242735742132,2.4895264275379834,2.0798947202281832,1.9754468236889817,2.3945042504659626,2.5034189629413963
1.5933508083115264,0.11332389528561135,3.656755737927806,1.4919376518182794,0.29061159494320316,2.236610068217791,7.171904493173711,0.559747835575207,1.521742456898142,17148320.69416324,15339365.51238867,2974700.9216010394,13209894.49574985,10985728.259156607,4593339.4485388845,2392467.3169459975,7128473.091256289,567908.583810553,68466314,81913853,13521021,23543738,76325594,9049537,6812347,63451095,6501305,88943.3872262323,71687.9661409436,14568.911511695247,94699.22639205973,28961.9206823111,30050.754297493753,11446.67111855081,17399.32612536604,4478.340035623399,3.2718010012666703,2.3893123566496124,3.104228424673252,2.447082073034256,2.475645599873535,2.7431733015420354,2.0966134737998896,2.4372694947836333,3.1904200397753395
1.6376823003109462,0.10132006469565126,7.446093841024179,0.7217077647009011,0.20439961692965675,1.138385762889704,2.2304351702796184,0.22630666114588302,1.247999921741284,13158212.130636897,19719813.22041979,4813385.828997755,8648032.44349398,10750325.167779323,2981977.769760049,2627195.8710212284,5795611.218729744,870280.530519442,45271651,89639517,21929373,16317302,76341659,5043780,6826581,60578376,5756407,113789.24151578851,114016.86713161922,24965.269026419468,60916.528620198675,34458.94875025886,28410.24913708894,13788.075496913994,15530.598609673832,5870.160236210465,2.5439943066081314,2.124560191461234,3.2775733319219764,2.348832114754819,2.5285399427730764,2.2652021489534433,1.9262622543436085,2.084428290359805,2.564810154931868
2.667386411148273,0.11113483716626327,6.152832105563412,0.39524242198480347,0.22574676029800186,1.4252837182772322,1.5885813932512727,0.21908679089537,0.44604376090802156,4782865.220474994,19976361.370200355,1960251.9373558008,11261936.72589685,8763033.738883648,3429621.06312055,2456339.3373796595,3822480.09540815,1063529.5817290638,37593216,85545037,9122724,18494372,73945707,5387431,7356600,59701897,6005217,75214.35332427277,129106.13474470854,18424.50713505973,104909.36418989477,24171.765668344524,29789.78069008537,10772.477489635037,3869.7721863532684,4436.388938461764,2.6763387711059057,2.042780727850265,2.96584580151036,1.6772357652316896,2.505110194222899,1.901973081007536,1.9571733928732207,2.367578530101408,2.540639105961903
3.2400424040477542,0.19977454288641366,2.071834949305517,1.128393892941814,0.5395109042913017,2.1140612107473986,0.860787273632052,1.1074632879626585,0.5979962641957219,1619355.0564799071,7451680.330926543,740971.8773958745,3117663.815179455,5037331.732100655,3194632.238672261,1783017.824866183,6752070.098709498,1130510.804887372,39181673,77146043,7415365,13936866,70323526,5308325,6136558,60368645,5816428,80079.93837777019,79644.40867798828,17254.45940728034,40205.03958695175,12406.71682118613,24632.51693907889,12163.138284302728,17862.203973824733,4228.1441556876125,2.650218914971933,1.536566442838429,2.6678659889760965,2.4282488013809926,2.7678475449096367,2.287541383616352,1.8284990693422298,2.004483719117019,2.6185939032361634
4.643271008534663,0.5612691154601028,4.079876680223814,2.82272977169632,0.28435719631472944,2.05378274350761,9.18581383607553,0.7282022582265761,1.517536294867151,2502622.5661132676,8384374.298713626,921564.1241006518,7626866.821590888,4816990.67121473,3678488.437495376,1777872.8055998164,5955570.1480455985,518227.30467732536,50954995,78464017,9876453,18188834,70461377,6187205,5729340,63211617,3460592,62321.21585270197,77026.84453781584,10869.08729631583,70900.72658958247,29488.28742729731,29780.69459583846,9051.245904462738,8630.141526681411,2560.253462074992,3.2288563554729626,2.4505703737389415,3.220226708913675,2.281407290332423,2.2104800754436416,2.258226229770569,2.256316174216736,2.3789902568007135,2.965059774412956
2.0204428852852048,0.23874211418073002,2.7720340380107737,1.1424879670854347,0.267594359876317,0.4805427653928951,3.378650797772278,0.4122094111617135,1.2104181697288514,3451549.311714952,5936610.419410446,1689645.831438602,4145252.443232005,4322173.3450180665,3508813.52037827,1397543.0206476508,4548527.560940619,443052.20898236864,61048469,81844534,31815190,10565302,70708862,6155867,5783394,62277347,4375769,98527.82689713743,46990.83067856794,27457.293611820493,43786.16305559166,22688.167122947307,37409.36366255685,11654.20070820953,9737.90476960769,2427.7203459308166,2.8410793809729498,2.967654927920812,3.3141252802305523,2.57613078957108,2.4555453655422825,2.27715950866037,1.8843383238864106,2.355615466074452,3.1751596255785612
4.809384202737175,0.232248044192744,3.4237887236138995,0.5558317062165788,0.26888610670302926,0.23005553764652256,4.854296544193287,0.5530197455712657,0.7760183770453781,5922784.157753365,10752427.68710633,2614646.9136496205,8301183.384146874,5756232.296748377,4248798.8048188435,1424570.3023483343,4490856.781806419,621912.832299121,39774682,80258642,10644439,22477427,67213770,8710172,7066752,60314722,4410802,50746.848592457034,59651.28059243108,13524.25870720857,65230.726481869046,26329.12023649885,44845.96249660608,7513.486298099051,9182.173407016217,2525.631502944339,3.222480859075569,2.925916744013557,3.1447657699190192,2.5454182916982813,2.4155790331666798,2.2995562965474834,2.3741044584435307,2.4586897970269344,2.786839518238649
8.640250899286919,0.20482415049668176,2.4499022302598594,1.17755639817168,0.47471711975798686,1.5004141525479073,1.188132884335843,0.787295648153141,1.5041769729426315,9669195.25531096,10219938.449757434,4491151.52067984,6198746.097768531,6619583.194143366,4615019.106035415,2045342.8425040138,5038577.259278863,1172035.6057043932,65532942,66720652,21750691,13070990,73818990,10425855,8179940,59186903,7385800,87626.54282651107,47139.39911171509,36011.35453721351,37778.4613717944,20406.393779315506,54016.31257520957,12936.445525834697,18225.030362329962,5032.774511846376,3.373232560571865,1.8340784613110257,3.0919429907688114,2.559592988932578,2.5734170077719707,2.3900643783447615,2.0835667990794464,2.2911590337327925,3.0857768566954604
3.465023478593731,0.11587464966211646,2.170711706652836,0.9152865316311136,0.29451738469637384,1.0582197890285063,1.1406851964769829,0.4178459925949081,0.6949849930283555,14737823.471753059,10802425.652872123,906280.9325100458,4122985.782846384,5780494.307209579,2999703.5121272756,982339.5493342596,4269824.5668958025,821392.0247505202,96476101,72414605,9221509,12207322,75812761,6121689,5956624,61285197,5470786,136098.2274576168,57004.93090974339,11658.676380940942,53442.35062190906,26092.927978650372,25790.11408655624,6173.5903348322245,8375.24990016153,3318.231743480362,3.0855910532753974,2.22108245209795,2.995900738483443,2.458658364535626,2.779496649948143,2.452135855292897,2.2359398741385306,2.68368916917743,2.787068897149015
1.9475680298022549,0.2087800254244679,2.2095929116388353,0.41766442835756423,0.31507402390350026,0.9143189911351589,0.793624791780811,0.7402044708388575,0.8339695321720842,3320657.2387621803,13638195.64768969,915644.5325672466,4623386.162150824,5787240.9309445955,3258859.575268477,815769.5905935362,4540631.421948706,877127.958607512,58365989,81678568,7817146,9889223,70179540,8044151,5818823,57311721,6253037,63306.55848999801,81360.98533904878,8862.404356233943,49606.1057260348,19770.215316154343,39576.17570061828,9675.789674779804,9375.906988246139,1799.9790154785328,3.374532633639581,2.554829812943577,3.2401331923583117,2.390479225171209,2.4628466207058857,2.476877580170137,1.8472680829657084,2.568027015456114,2.9584045108758716
0.7053846453878818,0.19708151635387522,4.150403453370503,0.22274602413882796,0.32187553053269374,0.33236503001117185,0.8768760456820257,0.41741222546465273,0.7218861228115641,3575549.8504035547,10135382.030921552,3023209.720886993,3838417.282173455,5471938.156127239,4263857.326870206,639266.2468249613,4043851.052989223,805862.8169034366,31994075,78711987,30047689,9587430,69667273,10672398,5009138,60723740,5797124,88103.39300504782,77273.69135901165,41855.452454876846,57360.30196385309,18358.143040288884,54503.33983150646,6026.823740601536,7666.423556352223,3743.0621570409417,2.473694369138107,2.062915818928695,3.0025373979423757,2.1795576495693547,2.5067995083252774,2.312267933838346,2.0734289462817235,2.6029994266119343,2.6270088772591578
1.0160051990917476,0.14480466915553564,2.3597589032764215,0.36318270113265577,0.3224121509658453,1.1782313887759537,0.8112971239090628,0.5411142792981032,0.4885005549636488,2281734.969267005,9440372.755529404,1251481.8197349934,5098644.558200347,4800563.2412389675,3170912.4042660915,356720.6212367031,4570153.514299988,1137329.1356017187,37320375,78147353,16233443,15256754,69554186,6593962,4683511,57421228,5981423,58667.973751941645,73088.76855349525,32545.45145095344,67056.38308192958,17327.114710577058,31731.91714583641,4632.068289770788,6809.840459199133,4161.805884476247,2.6482188283462698,1.6912393682340392,2.9290433886451224,2.4043421063124613,2.4710891108729114,2.3734044648396138,2.373398521545842,2.3573678590189657,2.7681409760902222
4.1788846932070705,0.2743312264186402,1.4975161488825237,0.9272443370592959,0.28865389439330874,1.210913927126393,1.16958364978229,0.5384144364389283,1.187160360182075,1972604.2140286649,6249934.341619327,722274.2304564847,3682881.3315168708,4114023.0908717075,2028031.4540132792,1084229.6128608508,4573493.932554987,1202007.241969818,42765039,75933338,13862591,11031585,68235275,4752581,5492282,57320378,6740685,100324.90720166813,68161.76301038767,22255.550455504577,54168.20986792249,14684.527384682622,28135.433056289683,6056.024348396708,6381.565781250114,3404.2408723168273,2.7337258225169068,2.144351593847186,3.097713552109286,2.0502292741446073,2.4988665140010484,2.296541988318297,2.1936462926213305,2.404517629409458,2.8460918398202075
1.893908139004145,0.3476215864017784,1.9917859065327996,0.7303294519790753,0.32428501568007995,0.8523318243833147,1.2919760150202535,0.46937611136888774,0.33685132728228034,1965682.5614554193,6058740.109158292,1370392.0850970699,5144908.740539034,4506318.009946018,2506755.4057918787,1323835.8053249815,5111926.107267991,704092.2531209611,22792018,73393441,7401994,13100592,67611121,4835663,5762879,59197539,5231821,27800.052533353013,71019.10107935024,7781.289310205459,46035.152748519875,16918.614869862507,24468.684846520748,12301.739679240556,6991.3904965700285,1518.8317562319153,3.066247256362673,2.413402052480983,3.0654747458841145,2.342328331822602,2.3216385446703134,2.186047537943517,1.6091779641975563,2.131314889002375,2.6202046386421642
1.913158932120919,0.18373954275769325,3.3484030934530824,0.9409663182707376,0.21284699875772653,2.7503267845311323,0.5057739710291044,0.2890246986786097,1.152633405572288,1256541.0921731188,4463024.164601499,739223.9229160132,1551411.230838197,4142571.5317695877,1147827.500424592,669773.116725497,4429656.500352066,777523.6652843801,7407824,63742334,5037505,3908849,65494654,2501495,3472544,63484781,2973128,6803.400895161863,3716.560293439583,10176.538288316955,9129.700692904276,3612.18714248722,8667.375621435007,2772.0578674956864,7374.326396357103,3074.781759530573,2.922258246173093,2.641002544754914,2.7655680695401323,2.7605981115393905,2.996254524185196,2.5657413340217614,2.307830194252528,2.35321847736794,2.579326324230722
3.7489671880320166,0.24257469888177904,3.9832928257082916,0.7071939354516016,0.383101528048838,0.6687235141033209,3.527647671479747,0.49255005669793805,0.7897316921739919,8524705.384744514,10576111.589015031,1962789.0048509801,4919895.66944465,6938122.169848314,3123708.244057566,475005.16076395876,5143169.526975735,533594.136258602,46358315,68835029,10875261,9531669,67292503,5223160,4869576,62140003,4134192,59032.13750643472,35674.13320483183,12373.701943876362,38683.072027291055,13798.962366681195,27965.903894402556,4691.283326864257,5650.768079179517,2742.7371490872974,3.1463185086760763,2.615727618473521,3.177529900978234,2.2653198867984465,2.421131398192296,2.4520461417675397,2.2777096216526576,2.6938776009085816,2.9908318672851975
2.737435406730781,0.23106061363032757,4.484268168662709,0.8456219175028259,0.37697218369849045,1.1070895643978422,2.0179657345691995,0.8508497542005662,0.9271649916090605,12217192.778357826,13413293.971182361,2983197.0266320063,6121159.280054942,7827034.107778218,4356692.989507608,2418392.3153704484,6904397.304513598,742818.129302615,65532006,77747936,11839791,14232150,71445142,7315170,7256235,62694939,5333589,102130.39051115993,54548.80964180309,12617.907253698482,42158.36410943847,20937.105918630645,32414.11270169136,12267.568071054884,30952.989022667723,3260.6041831321613,3.114323958682694,2.0753951162734197,3.1974302101906895,2.7092599701716784,2.727038572958587,2.1625491886510315,2.01239911588827,1.678189467860185,3.172318299035645
2.587740311601425,0.15437523651878698,6.200763774069612,0.6055565116714635,0.3093667587850989,2.2278083643967994,2.7273945522829353,0.7991986469941559,0.7406833932937503,8404151.897733884,15896260.776638087,2824564.6578659057,7902444.921774054,8950364.92257706,5371342.216417181,2216531.737649176,6656851.739823995,744130.4800019173,43349362,81735155,11889835,12957002,72877888,9482151,7399774,64244770,4880036,83077.86273033249,81172.65648677494,23935.8944571253,52387.49921716486,25931.939241948734,38769.621143246535,11346.330653828229,12778.508593196068,7468.982366034475,2.8253996249447244,2.3948769576657734,3.0728176717481355,2.030312042989424,2.561430604964564,2.0546248393969324,2.3168187490254444,2.3664843356556307,2.5947089937133363
2.1525474649595626,0.1484680280687425,4.317183732667876,0.602057627181203,0.26651237946002976,0.5419660813155094,3.7233238370021096,0.841467773593381,0.5701534303238972,7508322.897248382,12271516.484551463,2533845.478510891,9057466.870509319,6240720.935300106,4058109.6300147334,2787611.2282139985,5733148.590117948,712716.2226779573,42262509,72303214,17569236,17042831,71147979,6445184,8095046,60264363,4926555,90919.62702409935,74629.8503761545,22280.705003701863,68363.21624900118,17917.950415430292,37770.02277870007,14417.33138127217,17072.711497666125,3102.922382355092,2.6824866281714996,1.97484712638264,2.904048305966475,2.2808307899142983,2.739494478728531,2.2338884487555366,2.2246241994903357,2.1703256645137943,3.040135487189305
3.462413626687126,0.22817951035309075,3.444032776779317,0.25311475644574283,0.3172299705419595,0.6919410383836291,2.400986121596987,0.8774912315806574,1.3095941675655327,13077292.210733175,10766032.271911666,2823446.7447765153,4065190.712703687,6493378.854005895,3255642.104952522,3386414.0824881345,5907197.07348045,551892.8335639787,65766174,74561135,17221332,16444332,71986570,5676996,8352231,62068193,5474784,121568.9442519813,54352.9412246355,16863.986712816397,46199.252673669405,27417.601235663507,22425.606471770523,11821.342421161231,25535.13974377465,4085.1749747107274,2.9173428460811905,2.423394787330361,3.2520325917787973,2.618618028801159,2.2782066699170986,2.5105748955678866,2.2953157671799405,1.9430005211917931,2.790670911093341
2.041399541859712,0.2013316165253465,5.523758577686967,0.0944827272700482,0.22064678752227543,0.7514514730381155,3.5697836580149547,0.9170279330334664,1.4017758037119685,7508073.80712739,12944445.783266075,3471382.740925373,5641319.852817854,6228705.814341811,3187406.151410876,3744245.3541282546,5871289.802555876,964277.0942701013,43817627,74901109,12040744,17180279,71901518,6285596,9195500,62047914,5652751,80506.64595862024,67733.4712152726,18032.908059623962,48175.34189717448,25487.032667968895,24807.293632916757,22671.54290343629,18523.56852275867,5381.551547037464,2.7392922100864263,2.079612554976704,2.960374662324729,2.6651778599181126,2.4664663763530523,2.54049454535112,1.9819361315056494,2.020928283527616,2.8444466373669863
3.1178527980566164,0.14796113248668563,5.235576881507841,1.3910255307095813,0.3821012171344164,1.48777355690446,1.4110296877111443,0.6203727087560192,0.7184628053031746,3145918.5052880556,6882131.2991222,2528560.2792283623,2499865.6446796167,4845422.401433004,2971108.2253735065,1461030.5646070177,5131716.143704762,736357.6753776217,38752993,69553731,18013730,11976196,68969955,6548729,7324904,60050092,5258355,74862.34063026958,45064.52840452378,24167.17274493278,24456.51369893676,15913.377999298044,17534.98244469299,12280.415257195784,11916.386703610428,2003.4006993860796,2.808531977311058,2.4010218519435327,2.9156354926098045,3.0174893975980783,2.9196384539114466,2.559684531774288,1.8277889304445418,2.0671460149420358,2.7687167175899328
2.8025501181260344,0.2246672939264566,4.010735448066698,0.20688788459138735,0.3343436978880382,0.5887224410871534,1.2494920475904416,0.37417125099312654,0.6655535402855162,4034749.4665822755,6489729.39418617,2343317.082528644,3734965.6076737624,4574018.060873124,2835916.0987567273,1148935.6006795361,3994605.021181423,927225.060437588,57573328,72145046,16225365,13244680,68909070,5795489,6425085,58809538,5689781,89946.99008763762,44462.76434534921,25039.405667166815,47003.96224733412,13143.414372791012,23121.467759498475,8070.430289887323,6919.505655848485,4160.346002304894,2.9074897465886322,2.340498996358032,2.838989787186037,2.462941252638697,2.5840404384656184,2.297596704820614,2.132510537877814,2.1170844786810203,2.8483064205793367
3.465005388632752,0.34515844147242003,2.3412657833062687,1.5007778265388614,0.29069296624394897,1.3629722554786756,2.0916768612554915,0.7786759690308497,0.5903403779238942,3637954.4204917904,6497512.514791132,3935847.530372946,3999313.9273710814,4389218.1753352545,4482217.541953225,2002845.3213121658,5607484.239591047,933504.247402464,42741106,75074071,34689719,19984802,65887982,11038079,6453650,62347762,6398801,71900.59094730925,25176.539026548176,58796.826238863956,41904.09375282263,6962.358488638631,34707.06431023376,18347.542828553927,23050.38355096168,5081.762254592555,3.2051002833903945,2.991883837573007,3.245538981760654,2.7530820687879514,2.9311233293011134,2.6699289913809574,1.7504533111080105,1.973329195388913,3.0830283726828682
6.515838547865578,0.46079044505510136,0.7375411839352112,1.282825976608823,0.4581072349467548,4.298290459054454,1.670255468880995,0.5666369654280965,0.6561873067015509,9456546.992811343,11397963.83459283,2060297.258375614,8873879.256110054,6057476.147926141,10876897.163861597,2160404.2718309322,5110407.792773364,812220.6739089228,24319766,64921533,6392148,13725504,65355430,12705730,4291327,63698940,3796188,42547.98738221538,25610.081643859274,20680.397289027198,35805.49532869565,6619.91642996282,41191.35985460515,17833.18933413737,15617.044991055067,3305.287248725479,2.864468075919629,2.32602374199859,2.4458739136885064,2.561738839520779,2.6738757327636016,2.1834512263108614,1.8931044497424747,2.352990222649892,2.9220681226554173
1.5918339788075486,0.4435387441266512,1.9535950819067485,3.9520998885928793,0.3243567918099363,4.152045065318861,7.328407549912515,0.4290867259758716,2.293274984775988,1462667.7637374382,6068926.854159485,1587397.524696422,3731038.1003309824,4789275.484330764,1401006.0371811832,1183856.5843965532,4857819.732832274,1227347.3166878712,49711419,61196113,17407726,12619421,63058322,5528838,4432917,60305775,6464604,66023.55421527963,12114.526155539776,32012.9152917058,52322.04350420323,3674.7902128872292,20995.9565068952,6660.448051160103,5920.729948526441,7061.807578437538,3.056227287349995,2.588926077432168,2.9316350327358585,2.658728994627208,2.6934335780633956,2.4291103055813386,2.3595972723328242,2.771309073771075,2.8414131986502382
4.485917706906075,0.5416468682199812,16.620757171231205,10.632890507312492,0.27035582238190015,62.02848188936599,2.275118909256663,0.8441602109871599,1.632496905667883,2512777.496434647,5065637.8770911805,1363474.3691455985,9753717.2736039,4606990.329006162,3395729.3138302187,2674693.924738269,6288070.822941581,1085123.2327742986,13408960,69786596,5021622,21329054,65040028,6299980,8766486,68756048,6740264,27347.964836470892,13706.415039044483,12914.166737275935,78884.66171021792,3924.1855213339195,29940.39583408389,22723.201400144844,28450.885014602478,6183.798636482054,2.9886313734957763,2.705577078933339,2.796745750163768,2.186809903711978,2.803769942097238,2.3290605508214592,2.2614707542362407,2.4983891247788605,3.0341402011912457
9.618424244093749,2.9261482150946647,16.846448072270906,5.116614361691256,0.9025595546841216,12.037059682901685,30.78259602150323,0.9695836562060849,4.530886900216918,28704545.558491684,16222456.787162503,9823641.123256234,24608636.32138714,7206993.219736694,11212718.739932358,4200790.075476176,6128481.768563628,1383261.9343865353,127407989,90932208,23555857,55472880,75002822,22626648,7412391,66294831,5892735,208492.7475120081,64667.34566302796,38379.23989606804,235196.1315261102,21097.634040079658,115461.77254409762,25419.4755061754,17352.218813862877,7737.933004219665,3.0784134783617847,2.578348009390001,2.8799842903038093,2.6780687985838205,2.831421769322376,2.3646783078391453,2.3231748425695598,2.6440244788121854,2.964128104075633
3.166411157562104,0.8446110072260404,1.5434414976174926,2.103526871595744,0.2862574052250111,6.0242874298823645,1.647959124532907,0.38150179693678415,1.7310428991338898,35385180.21750466,10078802.947916284,14925205.865051597,26983073.533975393,4599155.60581487,7902938.923140361,1845415.2103108384,4252100.467570396,649613.0983271729,77898498,71048826,33702391,43672297,65346752,14689392,4591880,63744900,5377115,164167.66358851257,65515.35675885156,64196.44185887737,214619.5358278345,7891.97989781429,44200.684378652004,11062.399708291987,3771.3771215557535,3708.4280885224052,2.805852786582797,2.6439535808567105,2.830243397526325,2.1363672424687996,2.891345712258046,2.3854546893888275,2.2603712490128802,2.9180556838549427,2.902723815428149
2.896717418329091,0.7079682373832645,5.042551904008637,2.1856894558358135,0.4380743714995285,6.582440751264184,7.013405507651276,0.5009311962145335,3.0258088976091053,15064020.414019857,8138553.981676627,9482151.614514386,10689613.968827764,5466881.793749925,3818222.0545690292,1688009.6640993766,5245339.542358495,1006753.6787628401,87229774,71871117,36799817,28855574,68109269,14827945,4634308,62104146,5167909,148069.83957809568,29281.06959347863,79974.62044258228,121167.39854379257,6893.10908863879,34647.68254459884,14088.419627540407,8316.54272003284,6767.800975567534,3.0475184858161946,2.8599079341912095,3.0638068767289504,2.357320382894361,2.945421352232172,2.6948472601594906,2.172337573068572,2.5119607801479127,2.919837707461046
5.302001246391222,0.5148636623357445,2.386399005610507,0.9397805340158323,0.48023134161757075,4.214723345896787,1.8962918689440331,0.7269253263941665,1.8224290614005176,12753365.53897858,7610533.126014425,11786205.778103847,10880796.885883015,4706699.120923888,4815378.407483438,1985095.3303490132,4964770.891049683,851062.2856204875,61666964,68469086,29219069,34063964,66468478,10544614,4855363,65965262,4937683,153810.22623099966,22080.91322435226,65772.07796658241,126473.59347919184,6500.299864579566,61913.46027219433,9972.916883524123,7841.45738561679,4179.1967233512905,2.9841231578202736,2.955984824830886,2.9055150164268797,2.7126875373026484,2.9085863331182362,2.1678775406131816,2.2754224270129786,2.699986990426952,3.066791955943337
2.349525013090514,0.30832188030242064,1.8153181940465288,0.5426624902477881,0.40105892468054694,0.6906710855290973,1.9300338609938454,0.513832328727608,0.8092955908270443,7859455.047173646,9295936.335445877,2423895.637290421,8548670.083474819,5802342.142971495,4790351.738745022,1492644.0829964373,4336627.660226459,471044.2731652206,29037962,71845950,10055597,20508004,68547933,9164689,5536040,61274942,5348219,40791.51851064958,57904.407988579995,9159.962091829422,66008.77578225099,10336.2210937509,61624.46321356131,27100.771487883492,5658.024487330261,3797.516010469024,3.160529838232395,2.3062151520309646,3.01001791818417,2.4578735660017967,2.6574994396182845,1.8510757237062117,1.705401576112713,2.506952202984357,2.8872920767884285
1.8710890002814116,0.1664365992420244,2.771066557033003,1.2697135901436782,0.2266518191125241,4.635852839701349,3.6612980708200076,0.3223355814762271,1.0937164905413284,27859130.446057677,4743743.252078738,6781548.398516083,3836068.5338846645,4670227.604695894,3985358.16468048,639366.9751886587,3776694.13822446,504447.57257876976,50779336,62090469,16472998,11085586,64999436,5871808,2442475,61091949,3978848,79693.59126553842,11196.44494052075,23318.410136524195,30564.230606906985,7835.16851837336,18267.87312046203,6921.663941066647,4431.875133846743,2402.751686548514,2.6147585044470105,2.839615246731576,3.0109448122712674,2.7416128716463035,2.8922385491672724,2.469949701459134,2.0231634850193587,2.624747438187505,2.8701430819152893
2.4472875025109553,0.3598072003378887,6.8904184759053155,9.442136059046609,0.3993248572728685,6.987945289262035,1.3305842051379826,0.5328046908815953,6.313201849397772,4384417.203830503,5372081.332283979,1300121.346180636,8599673.106986454,5791057.642720199,4274371.220737915,2273360.418259834,11520355.88472547,1298548.0473064207,30544296,73514559,7829526,24628112,70994153,9390141,6505261,78855320,8033468,41114.160291543994,19977.522271593723,10844.899035018507,91049.94626417999,28258.09484321692,31080.83606320537,13358.66205624531,30004.033228647884,14234.238173920889,2.985719137897336,2.9697258478012905,3.149141286840674,2.7004272432661605,2.6676997929167245,2.528537962064661,2.567276726448573,2.70298649456241,2.852967757850325
6.146434896228052,0.29607651832768184,2.2478680155192277,5.970776779299606,0.35031609980103867,4.674445822387791,2.0310219454924274,0.5956845256160068,1.4866643344780097,1931325.257996219,4614991.657450119,1754098.3525292967,3299781.18081239,4431622.329464909,2388238.0791805373,2070659.0838984826,5299042.435927987,586509.3723233845,14850485,66601334,6785684,10283161,65148827,4308953,5485069,64265719,4135533,12432.482837991465,5045.0507498036295,10425.704196349288,56540.30442534312,6358.240431990596,31299.322049692113,10637.74359410657,8979.971539383265,2946.959476300732,3.1523074273278087,3.1187425700012077,3.232938082182364,2.486746741002481,2.7605798014018132,2.1489642600110077,2.1975353741198544,2.6328501353666613,2.8978429689570913
3.568833723849126,0.5648765434964876,3.5587045291721466,11.25745238629205,0.2905932555476136,17.71993014501987,1.8011046232612167,0.37093250204178024,2.7123171595131326,1138286.4329638348,5637821.165483969,568089.3379230222,9222331.514473788,4645330.868835555,3004503.601096999,2814679.698741216,4369482.1000933,1074303.6901333618,16157243,69357495,4788744,20237430,66190210,6019425,7150164,62973051,6131030,22459.28659989433,10948.222600245497,4676.74753396378,86521.44934328848,7352.715568687989,24592.109454335765,31825.932465097772,8747.594988039826,4203.847941964649,3.053041874024853,3.044658153582836,3.0104310627331445,2.1442766459542204,2.7649682249333583,2.06811960643935,1.9517290367652507,2.5445117932242884,3.1540445111424935
1.3894407732598901,0.20625961064915863,1.8684924645365188,1.4642930956452143,0.2928830307026059,2.649601448235105,1.6879475115963993,0.5009281491751764,1.4184645284602853,1497978.7653274091,4348531.236033444,881110.7901922269,4713467.825162941,3935701.855870449,1038090.8621973112,600499.2586658061,4896935.1595355775,573091.9760025238,10227139,61754733,4765745,10056985,61663280,2621864,5056504,61942723,4030122,16723.16462375606,2996.094384358296,5064.602626871315,63896.843775092995,2036.0063637499748,12661.040784366876,5504.152000641575,4367.188892126161,2901.35294116906,2.748525048600831,2.703708186007031,2.856796103760891,2.0630265048666896,2.681440631911391,2.3559518348455173,2.561594645938219,2.5175343259490255,2.6970354965905647
2.0941402251718197,0.3893983720487925,2.7202298007858494,1.8115820787168082,0.4387759498203204,5.598696076171964,0.9842529389561678,0.1868371902357301,1.8072144796028249,2065592.7574959057,5613336.044789452,2316874.942253481,4015217.8749830117,5535750.515369518,2451123.2668001493,445738.85779319925,4985254.364838535,766982.4127012242,15498561,66465445,6006343,8868932,65735641,5866653,4047552,61175294,4459799,14568.414747297858,4120.591664346955,8180.4685122084,42316.53190081691,6299.919769753479,18018.117968493236,3684.202825979338,4212.745767107754,3303.8950846865646,3.173244712265253,3.0748890535835596,2.7759381182902834,2.3181686747455106,2.654612345701877,2.3974330620969275,2.6786389640137678,2.979121076502272,2.995141054276348
1.7443200558860779,0.9075968961928961,18.03707359416125,2.5635666521042793,0.4535294433453227,26.56673351598518,2.098046829001269,0.350041492026573,3.535148411127365,4548560.345750563,10966217.831641199,3418145.524681546,11620606.092949431,6907640.404771363,8611369.358332636,2157779.4985025404,4598685.471282304,989074.2375015253,18630491,71640792,14629855,24912380,73088569,17121656,8035510,64159640,5448769,32149.789096370063,73535.25682754157,16534.148958482077,124618.10429400163,20603.191494327595,57890.43182203362,19500.71763129272,9414.22252009528,6860.104280467656,2.886587856510556,2.346571632672932,3.1992584673091597,2.3530704861712026,2.839814752962736,2.4480100716285884,1.7682830397032008,2.699531877235337,2.8853054900422572
2.1506656012896497,0.40295153643513876,1.3331663434812149,0.6548636463748588,0.2913189591693611,1.375008698284583,4.879258178072984,0.3677453119918341,1.1238084551375884,21286436.926085494,8063668.00641036,2332885.0224276944,5174012.886554785,5330145.393333907,3585677.1298229657,2238350.933714538,5703703.668868411,535673.2443072869,91766534,76389275,14114686,19213954,70396085,7606167,7076138,62857751,5196194,130544.24581161924,67231.98388466127,33208.21121005557,60358.21261645084,16789.357506976823,31403.294524958525,14645.4389288585,16531.506482485158,4238.142978004932,2.9392862867257734,1.9657746068974067,3.0843337501204777,2.7924627634387176,2.5993435918101278,2.315376164112521,2.4145884294195987,2.3342084197309796,3.050053840384797
1.5309440228078781,0.2574404737928352,4.348937977163239,0.5936779060639628,0.22488996600879116,1.3608007600315462,8.198447584577002,1.0770548314728654,0.6413541211109118,9147191.83219741,12607007.904010179,2363155.9721816187,6007011.673073467,6370642.128445771,4075715.2294377824,1744019.8380273494,7052528.844696513,537067.2160541897,65352588,91866913,28321280,13948752,74768574,7536173,7971664,65416963,5670455,106918.29597292186,73340.75561413694,23008.486668479156,45284.362659129816,33929.81710413001,31030.091518159254,22313.666945765213,23631.682792357587,4248.342438251361,3.053339179623747,3.0099835593938504,3.3215561049463878,2.3705054127064056,2.4088101129241135,2.300547275107795,2.15798718829108,2.345322826800182,3.0353311433612005
4.219933729986954,0.21622399517718535,3.628040137806957,0.37772220436131587,0.2580715675056769,1.691021322279592,5.101995284841058,0.6565119596900927,1.6693579881253087,8403031.126230748,19973000.046041943,1800250.8585809863,9207131.663472215,10002493.576362593,6421658.538677366,2111596.9635218293,5413077.375606529,789645.7151374342,50272549,76285704,12955938,14532188,77584683,8744505,7318313,60493867,6443839,66546.55657818369,92349.84446238811,15157.952301786967,60880.69052159015,37856.07159048413,35722.04712710671,10399.482322879638,12566.528273869048,8554.815419603417,2.9914105563838893,2.316766799879803,3.0898868485626294,2.332210883325596,2.557526769809904,2.141891611863727,2.1709045616088423,2.4907585390406326,2.7653292697610894
1.8314891065172776,0.16084874007090091,4.087841910856072,0.3494497195417764,0.13871010422023533,0.9217379406020036,1.4849693602131961,0.34629862498121017,1.462242022199295,7535768.857285373,18052121.363051083,3502633.977356327,7056094.029811011,8631501.195457095,3684490.221624838,1797616.7094061528,4988335.332687979,425510.80593715236,29115838,74881524,12838470,12418474,71506782,5786823,6716065,60601350,5219747,60955.72242900822,81549.90351185987,16632.08891383767,49644.77504561192,28495.020287123596,34157.49728164802,9349.678567232144,10833.686468208805,1745.1436445271966,2.6071296766694694,1.8359329090121905,3.0836081954236048,2.410847956259432,2.1140368398542924,2.3155897343876797,2.1388129027634117,2.1477896969683323,2.9731673131565906
4.346745396746744,0.2889955343612884,4.760743826996476,0.29236924200846093,0.2076555465796102,1.3530297780161828,1.4233653499968142,0.2288528565739087,1.7721176788289954,7410209.970558584,11600652.584585166,5096685.477969008,5287661.766690067,7172439.641513543,2701798.560572277,1180486.944184367,4422046.028258954,611334.2839540022,26702946,66917118,9141695,8539344,67404333,4457218,5547970,60417713,3864226,25636.229288119735,37439.80911076917,23151.126752763434,46021.59640198228,18370.308271974693,19481.002221059105,7584.615650049072,4303.407117668499,2453.1128547276294,3.14773307362727,2.1680763285965297,2.4752544633264084,2.171795658602414,2.20457337661734,2.3184699316336097,1.9131630256589394,2.6302349089934713,2.6708349844893693
4.5805340720813765,0.911102224848645,1.823174823574795,2.0937044483731935,0.3195772587823533,1.0290457815789276,0.40979798826614583,0.25779150031754233,0.21470704844011299,6590757.893626433,5482949.34059876,1196757.1478133053,3579491.055351503,4257738.894936864,2348279.2502202895,1035117.1087563271,3648006.0927529167,576050.5120562727,20006811,72435197,4399616,8073747,70786751,5226929,5841113,58716127,4053636,41278.134821104584,23029.44840461955,8075.775615321906,31549.42108697146,5263.832578564962,15981.754152043937,6392.249281284392,4487.307760820794,2494.314682956025,2.6984673034508284,2.293427264424898,2.6432865306692515,2.2972714555865674,2.3932365271942357,2.239225759667775,2.370614501280553,2.2475708958376592,2.5988109013259084
2.745249328135185,0.5221655712481789,4.3462912055199965,0.37736168740329273,0.447034611653619,1.0127541058457628,0.9693086100566732,0.40778537503403917,1.0099034201663681,16091132.676594766,6716380.090416074,1076567.3940945487,3679664.3709508856,4111135.704359434,2465495.466190364,1038468.472322063,5005419.352760833,663761.7745634234,57478399,71221926,9668899,12762686,63604030,4558806,5399493,61923958,4397307,66525.55678734047,65171.02723402882,9930.93013246487,74884.494360228,21017.391675292205,26030.846895228136,3069.2052724818077,7021.70447499224,2708.0538643794853,3.1916135841887634,2.9027758362141345,3.192669133713773,2.2692884851031474,2.368569646153969,2.2690382419515935,2.3186637183167766,2.3771128296106663,2.9334116080031443
2.293339603771356,0.5872785930476793,9.134665912472673,0.8015544597500075,0.11776680794261046,0.8459959921883736,3.6675128862941344,0.27171527278712115,1.9785497511845762,18086457.72557332,7231703.60669701,3097795.889074479,4787978.500131514,4288208.985283637,4730688.796166759,1567752.3638649553,4546652.55920826,912273.5623492056,88701444,77954894,19649743,13592812,71127903,8881397,6346898,60698986,4832092,217718.8510903823,69825.38031982312,45545.8571254929,47430.10525021883,20038.541258074205,36446.45083557867,13228.513868499496,7854.375501585486,5140.552064995403,2.725924073705765,2.6574467855273682,2.840515434120909,2.7136595056142663,2.635889504239455,2.631325924127502,2.0100974235582623,2.6355632574877457,2.8265599953567975
1.6210679533226928,0.1860662342446254,0.9054414120210773,0.9477850181054566,0.2688149526319209,0.7986151301851063,3.2731469544993073,0.6446390810685386,0.4097161472822678,4062675.8813182684,7856525.676962564,1327776.8334736961,4822591.2182769235,4548096.988511503,3325961.8025401393,1288582.5068370483,4781635.051337706,582890.9389162564,75189932,74552876,11726484,15697157,72970980,7257817,6743883,61948715,5294097,114835.5007123552,58404.7396854977,18219.129392742638,62613.208201353096,25107.001336089364,37589.232472460266,11339.028820462605,18319.232580646556,4096.24349320623,3.137347149062012,2.444286309742108,2.898764291670212,2.753950015799496,2.5748101577508495,2.4113438945396997,2.081999608645393,2.1086353259193733,3.0951884414614086
0.7498829424360665,0.1399046799199629,0.9348395402472325,0.8823988971384625,0.34478098783530103,1.2773663743645618,3.2195642573495364,0.7250526009019096,0.9348176209935426,5299253.870233502,11507615.242469825,748540.7951832416,6158024.882024686,5761454.63301803,2990837.865840083,1614129.444104632,5298697.552512294,953441.2348440794,85374408,82318364,14021930,22770254,79514742,7319923,6100994,65630279,5550071,239309.21803218254,86478.3505747474,27526.238096688565,84133.66394294996,40262.95427852638,28243.49400097632,9828.861346125277,24037.548704943165,3893.900601339563,2.521441404597526,1.793802794404284,2.883270941712892,2.4278433584908803,2.6229434817837793,2.5225723432364204,2.1105241104794437,2.075797566435999,2.835250058346778
1.9959830183708382,0.20416971261159134,14.020205531027239,0.560609084736661,0.31578004894629874,1.7570868717782118,10.963968617655336,0.3220493927529801,0.998356304634963,10302299.347380975,19712734.178013913,5262362.821490066,10429172.23068574,9222110.272896571,6633739.60875086,3139475.2756918096,4122116.1531228833,1310923.7927991773,56324509,99756562,40071043,20766294,87303029,13745967,8545686,59250587,6488373,141452.83569908547,118496.23253123835,53570.68202219469,64306.76415760233,48378.37310891447,61408.45382859413,20680.38480468102,22623.89539221811,5385.26418529603,2.5689577394486536,2.301457495027666,3.137038421098686,2.3968473371393975,2.719426023329129,2.2285248199530763,2.2263055396151814,2.221483832058681,3.030047867433534
5.199085099124841,0.9621737397150596,5.682770769147304,1.4177058607968929,0.5457360956652643,3.0009581918059873,5.943367596707605,0.9472980946376972,0.6096246420375993,11281753.392271426,11593392.765199725,2783702.160778112,6346098.106664557,7074304.323315781,4107324.671731184,1677199.153265603,6274158.866248195,430233.96984277025,30242216,78936423,12627464,10166459,70468601,7280895,6830666,62313616,4200903,46333.68584959474,38925.7106021764,21671.40910220337,40348.51770057401,15287.996293024053,29532.836063012328,7642.63341512437,18690.35280523376,1992.822309195361,2.876965574245671,2.3163510818909048,2.9490806839634978,2.6198416687065795,2.750130151435877,2.5351418128845014,2.5030456230860176,2.303460371582564,2.8164688478072004
5.016542785735811,0.0941604950632654,20.04691499047241,0.4484865908178303,0.24962129406081765,1.5406532340739942,1.191092201147815,0.26114773571683464,1.3714161822732878,19178392.60188534,17544891.178837966,7185144.7546590045,7373710.11528232,9803698.061613886,4804986.090754337,2214953.017578804,5761981.912844326,520530.2064361028,48721970,78100449,15697072,14906509,73501271,7348641,7782010,60140133,3999920,83764.43286227729,107255.44546861813,34773.98591114694,55220.23054227802,35212.17166630784,28179.653319523044,13294.079824857412,16943.161150453845,3904.4619015955827,2.83666350156808,1.8483799444913953,2.7171308017211437,2.6319484191717972,2.4324538716507957,2.362397660738856,1.8199609884695682,1.9935222594976445,2.6883673703115063
6.614630435825314,0.33412380601112013,10.50726283640092,0.7512984496970213,0.18800846322775427,0.6530943373355468,1.7549908478456238,0.42023418510495614,0.6976058391398345,12436112.313166162,15813002.38605608,2892565.143305547,6911458.267747859,7152076.2758070985,2377416.794237696,674530.5810304094,4732635.234044222,582883.40718329,48689383,86399001,16184768,14845609,68338660,4166496,5661664,59424825,5030290,63390.77963363754,65366.4584446042,14994.687382649152,31613.77001497516,18868.139339008667,25056.13683253493,5612.531249584633,4836.378096203324,1449.462009022976,2.9907655741684915,2.9747378765974553,3.27363973386042,2.5803118600996204,2.0785219382000437,2.0579720882123778,2.1664806374707224,2.3854327835295512,2.8805874163432064
2.6739490407491906,0.1126534611759655,1.364797299264113,0.5422875335240673,0.2019876308061896,1.1034672971216666,2.218140451231535,0.654344486426082,4.190437507432671,19627457.704205837,15409160.47559019,2015803.3204787178,9265297.395102862,10240314.572333217,4339051.817336434,2772871.014029865,6566494.35367827,633749.9720253356,51665159,73708044,10815745,13444253,73122252,7408042,9077605,60515601,5102995,69796.57023727414,61347.382358965086,18168.270424143095,58685.79203773982,33713.87351538169,33500.23392820745,13174.769111555675,23860.58659678874,3752.6729921884876,3.005081182117716,2.041169595365443,3.042307550899624,2.373625758058059,2.601037567946689,2.444217403523395,2.1051840189568236,2.1797424561090453,2.761939565946154
4.04272283308359,0.151591453524935,20.172227630588395,0.381922973378742,0.18896634410030272,1.5774608903380258,1.3205755080166177,0.4895082622504418,0.9770189974601089,11138114.853247128,14179189.371291589,7165413.721536541,4941355.57979628,7843169.563014174,4408986.982454108,1963613.472405721,5857324.727672857,696345.2921961767,28569842,72236102,15993442,17178102,69914365,9214642,7329441,60383809,5111974,54859.748314883465,66631.8313468241,34879.10560480778,45439.28463289658,21198.38458090477,22272.614782594203,13061.539191807104,10813.691266322101,3210.214415744441,2.723349488142954,1.9615987300738837,2.9103347342741266,2.633417195174818,2.454548778047195,2.685813820380891,1.729255340383796,2.467617599038035,2.7629479590375228
9.92960203150841,0.31043102351639895,3.7028699432402403,1.1321691178616773,0.2695695546334233,0.7372221683578931,0.6915869986758288,0.5000702371676108,0.541889675472846,11262447.45861391,11555383.116936851,1552629.7218239561,5009004.012365211,5061087.357928263,4188778.591755268,864080.970091777,4592226.871276187,470184.1083890054,51010555,70627670,7739465,16701531,67008372,7139768,5655262,60246930,4971042,82386.35562645025,41702.48997356531,12078.535911625655,38315.70647752599,4275.571609050579,33033.702217003476,5281.220949965087,9250.797990700969,2738.1634585491392,3.1682354559553727,2.871837272296377,2.729121174510968,2.571964796219474,2.8304338458164913,2.1156987503439533,1.9854806977475525,1.95551269996942,2.6770808713437555
5.501243078556071,0.939403450816577,1.7868837720885318,0.4608205704711824,0.30386784652373566,4.7886693132107485,2.329872314932595,0.32877120728720105,2.271506453211898,22304261.559424475,13523609.792079572,2887210.5221691015,12830194.08137895,5253915.981846294,9403060.563144123,2030276.700527521,4425527.330379978,783337.85651123,88285078,90872127,10317487,39117385,69890100,13304129,5387509,60486404,5575124,149124.4332107421,72747.4682148247,37323.84002735909,180032.53865644115,13747.750381487736,63975.10649895433,18624.595285962765,8968.119208671493,3329.107032953538,3.009619085546296,2.831572989823201,2.8307445932371396,2.4933426707590534,2.7226374155833293,2.1426694987192554,2.03379479272614,2.34461250440611,3.0469908537857764
3.8293343256101893,0.6528858742952943,1.528791168473903,0.6308346090147758,0.5171730772009207,1.1612925998292538,1.8118774725102027,0.7392563986720357,0.5787917188067635,20496390.377548866,8542878.158510923,3022310.465428184,12809616.802832931,5271538.243775527,5727196.840993475,2500175.1824667305,6592834.627157472,853178.8695974665,65775456,68728979,14858361,25185663,69614900,10170628,6966830,61237894,6831137,94791.80687230435,59366.0452349551,17167.934022412825,119956.02200252909,16999.463288941253,42696.825981484086,12144.84295883031,14723.634681097137,4022.4268773240938,2.8477410494893003,2.4185173752737845,3.2057553230620224,2.5285200441058597,2.67669346638316,2.4227224533186003,2.3673365255222136,2.4653590431961616,2.958109159894945
3.563819694175484,1.5491763599005715,0.8597644425279739,1.1124252327014288,0.42143929007125214,2.9364773431037836,0.7717385563807792,0.2593161080948115,0.5141006545263255,16466725.263881862,9182654.590848587,1620452.1025811755,6325981.718318082,5602383.057815237,4825874.478857386,1826997.4559006044,5038182.679713103,536798.309690875,73406196,70663374,10175998,20287708,66746336,10317783,5617110,61125976,5613405,145194.43469516997,36260.23270147745,19623.66747432138,54306.88065002869,6425.97785278351,73282.07989560321,13522.600770716854,6534.4750294991145,3285.922344498813,2.9430155922816015,2.6598411965909405,2.9163497385823334,2.7930211221347134,2.603414301817062,1.8440613167541193,2.052218993210745,2.5367532271107676,2.940041061620727
3.6683948290236916,0.3547444016368996,1.5606198821181558,0.6609182681298804,0.2674491967696605,0.7854771195089023,2.2935200714609705,0.4177622764808306,0.35615947087671346,15442813.39888804,12168539.110494634,2571397.151034752,9613640.085677063,5912140.1938293055,3156319.310400334,1260526.5357216753,4247869.285783816,859943.6309395466,50637383,77877663,10386601,23606764,68016555,6293150,4003973,60016280,6507737,68873.57091469112,38972.40614919974,12180.734419168013,89510.7691690986,6061.716172642525,29956.741214859423,7472.212416868453,5229.879652780977,9880.28947271527,2.901691343678871,2.7026290916276547,3.108945506602347,2.6625713860623743,2.7188731522346896,2.4353052643302546,2.256087708930604,2.4893627101656755,2.0291102169620254
2.072372166828388,2.169690063437666,1.1707149821626266,1.197842049047082,0.6575678853590319,0.9431032628000569,0.4405431580802601,0.31011538625929885,0.5824760648519268,13725970.169524089,8469658.816875394,4172600.316162859,9979525.280668126,4935160.933791455,5107697.218267976,1500928.3330474193,4137720.183654974,665683.6929538567,69085454,68705489,19972362,19365045,67284730,9546991,5493203,59533507,5000746,143068.9291303273,59109.46192961771,27628.27786055409,53803.02038191348,12564.649377064849,66132.53129603049,5674.218235516899,5135.539093489099,2945.225129475006,2.95335714241865,2.2472035857991393,2.7594969385057704,2.5406305582599553,2.350720196475606,1.8737743011637824,2.261491848916288,2.326068608495609,2.868262172760817
0.8816215334700208,0.24444500091984783,1.250258105807992,1.5569272528179414,0.2252281054906912,1.4855765788420792,0.7279406102641572,0.521136757502517,0.22574575245587886,786715.6312144494,5934659.737417528,2709055.8906515045,5266793.598828598,4696764.051322592,1390594.9766276467,1218429.9404101754,4857358.108955778,542046.417221143,6893002,67861601,7934164,10117392,64078319,2938227,3129320,62864300,4892206,4912.289648665461,6217.829470680417,20007.917529123264,31346.08623114637,1988.1525156610824,10207.290753690198,9920.469465888184,5655.296906915229,1155.378608741963,3.109728087646167,3.1055559934580046,2.727193189924819,2.576162689245508,2.6876157477454403,2.259673203320244,1.814943686481898,2.198611746219881,2.9256891258515405
1.8886312340924665,0.26928515064109554,1.4742689166137941,1.070590769026582,0.2581633874683917,0.31175518321472856,0.6530341776105906,0.3969588862072756,1.760463619451884,2721807.0403833264,6176968.038391443,1640264.9850154552,4044837.535034712,4746117.6458915975,1882975.1007237146,959329.7272893928,4463080.227028508,404236.6489650704,11793130,72792373,4997102,7894122,67649708,3275934,3274860,61625016,4021280,11190.111361779616,8219.692934425315,10939.49938634057,23445.084422512093,5230.988165443305,13628.890409482947,7059.755296386542,4447.4529043143875,2409.213512489268,3.166001960552299,3.253688146416329,2.8586180621117756,2.6520716850974004,2.937179197183341,2.3287904338745165,2.1532478740799315,2.6632338325237463,2.6683149215878954
1.2696853462927402,0.3022774665903348,1.982637074719933,1.0749343638381292,0.17253393969969125,0.7798427246732447,0.8142773505829244,0.4267310801514385,0.5875936424720837,2127881.047747489,4101926.0699433843,826754.4076232214,2468450.4083850496,3652402.798289921,1706014.3391099772,1450271.995033984,4955988.731645516,376442.7837338768,9916620,64268866,5849003,4232558,61109916,2778569,4744759,61228472,4310168,8725.087454484998,11295.620573978695,6455.80294778859,20375.058226509525,2745.509567863266,16504.478669928372,10279.298337027618,5665.769720019033,1339.0637676187216,3.1499069019109935,2.640920326119505,3.1677528088667932,2.04783281645706,2.7821079898317826,2.321788346012017,1.9628466208322515,2.5856672587517417,3.067696809398794
1.7401414004107267,0.1908098078926611,1.5796068089077384,1.09930868059766,0.2406917021295954,2.264401971070965,1.009620171187993,0.19583874820222533,0.44390211413278463,2914817.8564975993,4867037.960776083,460363.09823407675,2708073.3495480423,5360888.830186746,1559293.4130921536,834163.5585371276,4874525.565667323,434573.61060677277,21975730,71129456,6972470,13870182,69691806,6123374,3943778,65514826,3556997,27451.48062359575,25960.037267328626,7513.061567859311,45937.97289208655,8415.173061646541,24172.761276870955,9590.10080988471,9882.112862925633,1645.00439453125,3.066870686148654,3.0998539840102532,3.1711842195681443,2.8077590501357497,2.834814586366261,2.587430331318301,2.1319381437104585,2.6750515540669095,3.0009128812863755
3.066538897696701,0.25554356766724085,0.8735466618726315,9.08113719442458,0.2319578908909406,3.91756078032812,4.28223388228729,0.3317085667201239,0.29844173552236375,1193221.0216175169,4774364.451805327,590741.6249360356,1855450.9853955908,4311788.430249668,975999.0061035365,881091.1328598559,4600023.181816533,455903.02482747624,9415054,64601488,2825960,4687379,63561228,2005826,3354169,61631728,3039541,6535.624177152759,4295.370560695712,3788.7490922069064,14258.221702985227,2070.1809818900692,6112.254524493584,6261.124890984055,3572.785266303423,1091.872640592439,3.096670905854259,2.46903980931092,2.859424473029876,2.459123487225125,2.786813237041809,2.2881709645068744,1.9842460694989517,2.4187931521520305,2.78323664006349
1.8804095749550012,0.22049355749449515,4.130894027920836,1.3674254802980148,0.2582325407603659,1.1440561732807015,2.1166694201726526,0.24783448272081413,0.37293117165386647,2143320.216277341,5288340.61497229,754518.3477828094,4421445.303948153,4625351.0107447915,1648594.592490797,840574.5769678938,4654861.259168064,472067.71374608355,11487192,61740320,3409167,6448851,63753737,2540681,3938966,61261372,2948882,9675.725834367275,4521.82371824461,4711.578229485542,30753.19061657589,1954.6466488756391,8210.170959386152,4577.454370641075,2536.0353559369946,1305.7200368801591,2.9244885583146605,2.288898729970347,2.7000503773426083,2.0739321301666758,2.9434432578366634,2.1556287074280367,2.2505898639964426,2.4489931624617975,2.940737912978284
2.044228937427101,0.8942337620469573,10.194364095726861,1.366474207962721,0.374740214953496,4.006436287447314,1.2163936226171281,0.2225499206617689,3.8383481284407424,3207784.592536156,7306862.597094049,1828497.831599112,9397064.149732975,5554600.717372648,4261638.796127775,1232132.9703759314,5166664.895096287,515762.9692231185,32208400,63690199,9277625,19575769,68614130,8650854,5000133,63193939,4044699,72201.74649037377,31625.869721034727,16876.625614952864,78457.61128236435,9269.565751139618,35647.277409597824,12982.941674798403,4980.315223443158,2844.2065006646462,2.906657786362445,2.101076031556027,2.8751329608227216,2.456036614480226,2.676690494047413,2.427052979474009,2.3550522698827887,2.5015024020548755,2.9631385511234765
4.1808552343841345,0.3177180604581408,1.822016776771272,0.3893039796757559,0.35300455076532944,1.2683127595298842,1.2764185336286313,0.564569085946689,0.5812815573959276,7772118.207757156,7243892.992426019,1574850.2286246212,6045242.914563578,4722210.336829074,1503486.1977980821,712339.8693729234,4682646.827686265,365909.5031826686,20953852,69402364,5761045,14712928,66325869,4578749,4492903,62761875,3563184,33342.42990939503,8946.973793414796,9852.653300319078,95882.47479938794,3595.3353273727726,18346.566779179913,10012.62694692256,8287.355810888188,1995.4222284643554,2.808930549763037,2.9518911625745,3.0672124929976943,2.119712589790425,2.79837499936606,2.065261884419786,2.2694865360848087,2.2880594320089784,3.008767893369849
2.596902827414701,0.44840689699141306,1.2922720033384691,0.9728984289656696,0.5184518623442086,3.956517412063671,3.6005263653219806,0.5509199618060856,2.726853258590723,10960798.920587674,5196927.726224549,5348848.918204332,13679457.07050082,7156015.869990181,8752727.381472673,1497193.8184512057,5882018.294140301,523516.2779730468,52208486,62121966,16727490,29834829,72396598,15155289,5673253,65843230,4638060,109099.7781259711,17740.07591862231,21861.48202692793,194771.7372325756,23722.664245089123,56586.857625653916,8562.647039707335,14402.6332204012,2925.7479080625853,3.0166208596453794,3.093933002993248,3.021029226281876,2.316674673094782,2.7662079121687144,2.380354488005649,2.580957724257182,2.418419267412335,3.025956030478945
3.861138746083685,0.28360328846641747,5.657309644577237,0.5450795266457894,0.23385530941938984,3.049542084246536,3.467562522602099,0.337727367784351,1.4477469246260848,3551652.6966133993,6234514.691941202,1229552.7274720506,7255329.509629844,4016250.282947397,2079846.7666425281,916066.8725462877,3727969.1541643916,331316.5950160376,18282750,62992703,5049401,17733479,66224511,4355546,3316489,61510209,3599646,23319.66995446442,15656.62371502951,6362.976792070443,95057.24049211887,7122.261525544829,23649.828202489414,9927.777835612624,5581.579719239305,1655.8495719843295,2.886431228635111,2.7270187394397474,2.9598964673986927,2.4399601393256467,2.9111051370721492,2.087527469384761,1.8897951019997565,2.795844314185427,2.8396975775802673
5.127776876304953,0.2867841757502816,2.7472378369349486,1.2851303745946245,0.2778145963966403,2.833253258729593,2.1527760466718453,0.3728538452408585,0.8123942557028344,1922265.8428441095,5458388.790024325,617304.5959657098,4387726.96574145,3939776.3400809015,2126918.8648900385,889515.5508105682,4318295.052513454,379635.5750667831,9050325,65456998,3484970,11975877,65505144,4300245,5513820,63934607,4067866,13273.463938252447,3900.166130581498,3334.7610373574753,41164.93624457049,4608.697014376609,26471.83492708112,13454.802369212628,7842.495542118927,2571.404326881614,2.7945758057728507,3.0864039201695572,2.96140722966044,2.4498527866004975,2.6792369084460574,2.0966743109203754,2.2414905275273913,2.4414174209297492,2.9014603276763795
0.9640947568843976,0.15720395544355117,6.44072670804066,0.9102932662019075,0.21952849798025792,3.8997569752355257,1.5932578781327853,0.5100720644916334,1.444609668489608,2410330.597731039,3967141.4128795657,1953892.811605549,3192349.5965815443,4512691.931390293,2959516.2171350466,655324.9651424629,4936837.65690048,546846.3588805341,11265400,61395695,4850251,8062751,63474489,5190446,3944374,60083771,4416820,12922.277258414548,6424.81048210477,12770.927582341737,26222.92871617288,2956.961546132555,28942.37140632196,5189.30545273421,5391.211407290575,3698.6607073128976,2.8217892527641517,2.759710937838393,2.511377042457439,2.459144263724023,2.8528846501833867,2.206120015960765,2.481638208593077,2.5996380967381234,2.926502700237511
0.8101905173209134,0.6756898491468014,2.105846183598192,0.6349303438198999,0.34976463451902,1.1193182390967369,1.4951103009564586,0.18918492667470033,0.7210277938856774,2957973.7792869345,4497798.825275818,1359280.591388085,4241544.654642919,5715992.350347099,1337798.2517517619,2043706.9445371341,6093395.372615002,400177.9773745056,22759453,60530345,5473970,14927209,68806276,3648178,7103813,66473842,4333468,18219.96768947497,11321.298477743529,7802.469692376629,47308.97608616217,5198.708174193841,14831.936195441267,13371.498625215083,10566.477216803785,3343.3893633010603,3.1407511043858953,2.788911053391911,2.939571095208788,2.443048623742831,2.8713599748025604,2.417128447960253,2.4999422436266263,2.534222998187642,2.92227685010285
2.267917544833878,0.23507327362222005,3.0951204443124856,0.8132011924200434,0.2587718613229476,1.4918271957210825,3.349565543984436,0.33708393866224723,1.206277343894319,4652322.412491275,6189541.173364358,1154925.4369675214,7362977.041839404,4050150.263282721,2431901.6077777133,2024622.5467664981,3484294.82476402,580095.8486935758,19386850,59761468,5312566,16703215,64073654,4663316,6181790,60764219,4970663,40637.70343694744,24910.377921430347,6868.480523737347,115466.76316371463,7109.764095074326,21584.465697727945,16800.195044708118,6612.13919576662,3490.281067199583,2.567244507886655,2.1257427687536667,2.7215175923340658,2.156269456999059,2.763965325894957,2.1108090986276986,2.3626524677667016,2.6105275403281665,2.981489348564588
1.361234219189475,0.4921765039119631,4.609767771810254,1.1671847258251924,0.47693160748962926,1.7073392342406724,0.9427454792324367,0.7972199982737372,0.7998851828750697,1139405.4566048994,7013288.160821992,1060386.2006406453,3699636.7004670603,4786252.292788077,1814598.7558508087,674720.264782134,4995901.559603416,269040.81879396364,9582135,72040854,5688005,9549705,67586556,3143183,3609675,61945203,3404707,9210.038704758073,12311.286156637581,8809.398173723579,30159.198721061242,5820.946581969049,10319.400056282706,8748.845311721243,13952.838703770878,1465.797415968683,2.996169296546144,2.878045745007026,3.014656627710982,2.668946981114332,2.7885371348294896,2.2894817684553397,2.18623916445299,2.335454918095307,3.1093747060527495
1.2136428620091386,0.2905608293486447,2.032146478646301,0.6898595770410285,0.22083970418562318,6.134920959341862,1.2996300921600892,0.4038154984005579,0.8493218330326102,3150083.737416974,3201823.4725902635,903304.4499640556,2648912.922248857,4198533.04311112,3616138.8677202375,2425836.6431532064,4752953.373363069,323873.97671023605,25958741,61598532,6604936,7776688,62461881,6080202,5506250,63180513,3269772,35210.50470155538,17557.812772444624,7031.4860940537665,18375.347200459608,5664.726150533068,22141.898549413123,8720.009758202623,6108.985624103136,1251.7097364234735,2.8819316060269538,2.625756046525884,3.0093988739645297,2.748439403875298,2.948348561746813,2.128219609597777,2.051716648521802,2.5390859113924895,2.941913544043868
0.7026786321389215,0.3492740854893913,3.837079723897023,5.461034472447926,0.22911323447122703,36.40799903364491,4.144419508567629,0.3540318434935237,1.4400838564209937,667275.505615748,4504072.430451015,1221975.802727058,1162733.9253611157,4260722.263387278,1686311.4130182983,1018434.2651944405,4680902.324795606,346476.2164261454,7235147,62784007,3720912,2528939,63964777,3226062,4718090,62998757,3488228,5088.377826127006,2050.666329670767,8205.22625493789,8632.172372232886,2551.98583937498,12671.18851811817,4498.973144637765,5560.311554013148,919.0254321953112,2.807109057326557,2.8281947432908403,2.5193914492811307,2.403624379474135,2.5950809611152215,2.0985972916186695,2.3019418401848335,2.254574048081394,3.071964437396508
3.9843970035298204,0.8301201636475875,3.739466033111973,3.443680713477811,0.5996999860070331,7.780599210022037,4.790862346685812,0.5824633825047577,2.2545482746023895,2399219.4696803815,7064447.817171933,2655810.022967453,9172462.365162417,5630603.132643167,4673845.366709806,1256202.513627007,4878830.951991052,475812.7108573903,12174852,76122107,9549901,20140411,69157099,7926942,6124957,63865876,4160664,13483.674541216085,22756.483815259817,21613.64483791604,46899.09508803479,14406.180010625972,21693.26397778992,13934.580863188188,10105.331876303579,3473.5675759228006,3.201726375963487,2.98686355019305,2.805786574444819,2.489615515497267,2.723896695634073,2.4312134580262565,2.2631994797490695,2.5714423365926473,2.9382783178786553
1.4973921648959059,0.9258004460318323,8.237161230909203,1.5133260954421905,0.30363592972849435,0.5291480899387914,1.4350188283037395,0.7079172286881337,2.447324108878973,24921997.04729826,15248763.934059523,4845554.077720518,10901620.149427645,7953149.123814903,4919262.973612115,1690794.107594603,5180266.114799158,575383.6824575027,72261459,89671673,16436823,21664411,75187109,7297527,7839048,63007100,8173387,90239.59879142781,78299.50146912964,20480.602055614618,54314.57970733335,32952.67397660868,38340.90702864097,11930.580663918772,21611.337527307147,7913.17867897341,3.2036293287867057,2.140695422780864,3.135972530866811,2.743145712744415,2.4170446520899924,2.0085740673706947,2.4289546607944796,2.4580785100757536,3.122471097140432
1.2371320379453357,0.7877197161200628,12.749352417230975,3.9804995614143506,0.29362408547838437,2.2201541946033654,4.117438462109295,0.5698257162660441,12.181678805203136,35281202.65729844,18115774.83371077,13045566.01661226,17393731.140377972,8615862.484486047,6673186.155573755,3014611.534555807,4711039.301960428,1283344.6396126156,66322098,113206819,38195285,34548778,78211375,13864589,9456873,64692262,8088657,168196.2849733344,155934.928541828,69043.2566651724,98814.7564648392,41850.10190693201,46682.383521689015,28241.964344335018,21784.079141122125,13597.741881800308,2.631323305889658,2.7583330249384277,3.0516571588909995,2.6672867744799067,2.397875604962358,2.3281606691844337,2.0091952887636992,2.430070091882732,2.8285536412498296
0.6299805482660208,1.060687970257037,3.691662424266538,1.6088378224628448,0.371228064829441,1.242483029317107,1.5903967405011417,0.21845960444543772,2.8366306835971105,17299531.332882833,9170577.464588854,7676738.156932986,6682391.540171031,6979277.196542087,3147829.822384615,3241535.5183450906,3432918.764668161,831596.4333088091,40776115,72766657,15786465,13965738,68091372,5645990,7478088,54266760,6311911,89172.96635550047,49583.894895688034,28729.392058984973,36431.99653841441,20466.350486713516,14760.9607569445,18714.195226058626,6714.531436463102,4614.0246809509235,2.5455936274631132,2.4145953603308783,2.9004480569726847,2.3905641926770542,2.596963767019564,2.8372613674947273,1.9590745308233188,2.5324354881652402,2.703038764165271
2.4056294531141753,0.4579072605348578,4.901946472056929,0.4716173156054124,0.30098121460564964,0.9992666551995374,2.9140896544828596,0.7273192862533836,2.9709185355485186,22190339.53082119,16050025.880698103,8214878.534703167,5283499.488314055,8566518.506518949,3143065.6894434914,1686792.9527189475,6689220.160482188,984710.637631783,46910028,73973566,15847409,11254700,69844294,4651005,4688389,64829845,5437856,99641.5473469431,78273.13055177027,30042.686430634993,41488.3083022313,24327.79508296366,23275.290026494124,11581.833597820414,15259.72675282136,5251.652733270398,2.8042212934002144,1.915724014829413,2.8307259846334705,2.5059842110526294,2.095382133042628,2.251470116995772,1.9049033795567771,2.1074710359716704,2.679958546365865
0.37625873635254753,0.8592179679540566,1.8445364407326232,4.714739833695601,0.6100646495684022,4.301731163167112,1.0865452497819836,0.5290725822161497,0.18790476060190725,4405542.590472498,3910187.650412035,3377001.579919005,2223914.8200918236,4617726.620600083,823309.7071406089,845727.9214531055,4128602.9458673634,578342.4902995271,11854541,63357428,8727565,3972595,62902796,2444572,6227551,56541557,5112066,19675.774108199035,5663.385250982606,19421.76341571497,19048.542032646223,3512.1952784431974,6076.696738125958,3169.7112756857027,2048.528987592934,2607.070132140283,2.87213329251132,2.3738400920235136,2.7237948531436205,2.3780618752373863,2.377487368282876,2.2172631885552017,2.1594800357671553,2.620505432807232,2.665754392219232
3.120978209984831,0.32622237057853226,4.431890136187644,0.9409000728860608,0.21111643589697765,1.2196483215526739,1.59073965919164,0.3401096192792517,1.2229361548518762,17299690.14018711,14066972.368147712,3734313.2200296856,6118740.807971045,7823520.584171215,3634189.4831551043,1582934.3151223569,4692122.031169273,726837.5531768114,70402014,73241220,14616732,12399050,70814992,6650609,6925306,57130656,6824130,92425.89845105301,44155.928826821255,18858.222181679055,30280.97109249788,19931.60957211426,16264.500848284413,6659.842079716413,5698.235963159026,3812.411857169802,3.243958517174497,2.548691987055454,3.231317105126762,2.518576777666608,2.551219437120346,2.614764803756479,2.1336063237486025,2.2924082885028683,2.8459100194767424
3.386907980170658,0.17460042400940387,3.4063945554781303,0.8245943894831607,0.1600678426422204,0.9325988421180466,0.6991615632475415,0.16116039635353382,1.3172679170105752,9722586.601446489,12516561.862837264,2117769.208357355,4723273.09063016,6122060.239676649,2823210.232138969,856095.2315115756,4258934.9925967185,918275.845192024,47983465,69259224,9254199,9069791,68774937,4823883,6080310,58175025,7382382,72554.94532287921,41824.78323627734,9111.161951115342,39310.002280428525,11348.996159375462,18473.794908192707,4714.207703037188,9888.439043183385,6053.5130717456395,3.050704175941592,2.255586149399889,3.0128575829826816,2.3283503399003522,2.5931310026862335,2.3936759909807512,1.9347721803127877,2.4087736961652384,2.6522751014520245
0.9834891242881775,0.1316920298006722,10.900118651172168,0.5810731259032218,0.22648844716059077,0.9677259051333111,2.447204918463197,0.4012053964753503,2.0824496679324787,4734102.542882715,12390539.305846293,2324685.8320438303,7030932.442576504,6445408.817466245,2937421.005396084,800274.5009960542,4735685.40179651,1216529.5376909277,51759462,77667053,22226289,15791974,75644286,7559157,5433562,61016507,6433204,122302.50519097052,69499.89959536417,38383.046363224064,54996.83350705425,27816.565773361068,31048.83129522539,7949.709859091308,10769.919434434789,7338.768660471307,2.929696304726354,1.990485325170717,3.135064494674296,2.3620906173103875,2.398446565673585,2.1336660522836226,1.8846274344816354,2.3369738055950044,2.623645706389553
3.3131120820165454,0.14870727911056567,1.111650788586013,0.34054357199547625,0.5339332325567215,1.4835890342272136,2.68356958361338,0.8040857374863398,1.1415378124227733,2364725.4616840216,8883407.02324165,893086.5887575708,3126580.0027201013,5682926.920388481,2400963.55692676,1378265.6688656649,5073425.595008569,1152154.687954565,50331303,76815268,8377257,9085291,71277381,5177130,6180449,59808444,6683054,89027.34863871416,87279.99872604893,16900.035088143595,47397.37572291804,20294.61931373021,23457.22489499282,8714.895388205523,15206.124669965517,4190.202050819823,3.0600965520015624,1.8031825323525987,2.8669021186463746,2.44026545214595,2.567151522912316,2.0734922770783424,2.180615346311205,1.9564036941480774,2.7454875444339457
4.3825083603148265,0.16427891674791958,3.1972521636319318,1.7676219717461477,0.45603506264583227,4.017717327150463,3.244509434631398,0.6161510897586131,0.31098018437876684,3210198.1523611885,6726280.311919333,965866.585724347,5973864.073089741,5043461.97350643,3915173.6791803986,1384604.4818355273,4697629.692080962,683245.7959292582,56345785,85705754,14503111,14376093,74556988,7625518,6134033,58564407,4535941,126314.69387172937,87116.8948886594,28258.593221018527,55522.8483713916,28284.526696904773,22289.08614459731,6720.955905712071,10510.126722849096,4996.160373640127,2.9077671917639436,1.8707088159767264,3.0791471735022937,2.3844775883384712,2.44714465728571,2.539193547107633,2.159017531125895,2.3622707362418143,2.426802961106024
6.107741676212826,0.18372655984348343,1.38541731193785,1.6386680281752424,0.4310289860927506,1.8101188510925974,2.665317014518125,0.8686423002933044,1.5991902237441253,2391489.2027986897,5200313.621825149,580153.4244393341,5049365.583768589,4581385.480025843,2640396.321543318,1654484.8425169734,6485019.387895429,1136541.2559761088,18341769,73348768,3803705,10220124,67758234,5530322,6969970,60158105,6944964,28469.755476443857,44475.4528679417,3932.9588784047914,50878.61199069443,10699.220947394293,9313.56603788286,6787.379853265658,16008.873345679705,9223.191708212129,3.1153659806167306,2.277122142633667,3.057930853421311,2.19650043146397,2.679812306159959,2.837055993141394,2.5894720014069907,2.1594336796623836,2.856363744541743
1.4333468683590989,0.309434876115559,14.630389993728208,4.532332714318709,0.49375554444656494,5.24851768831966,2.2912427121584114,0.46267565824918394,1.8832503273207546,18794626.67554889,5791627.942868686,2898627.8092015698,6132890.029534696,6711117.755914504,2902627.564146147,1042950.7208165282,6409894.178500336,812553.0304364383,37671346,74399082,11891214,16824704,73555457,6425691,6324193,60772927,5081959,56271.789113124905,56887.16309598774,18134.912305921254,38484.78236361254,18514.676450562096,18775.797360888446,5296.4065643802705,13865.880508083967,2788.9429396738806,2.8016291800737516,1.982640953655394,2.95641277950296,2.64947291784892,2.566831221195046,2.6224465945155186,2.173615834717265,2.102089490826427,2.717973623622837
0.7020406085704993,0.2636544023813076,21.390538594295784,12.597940928990507,0.2844180080775264,3.746209529480253,2.341351160563717,0.21877202744773283,1.0472567701644127,17719461.454047397,9329298.292780977,6412647.092520744,8403623.374609347,6450089.410553626,2963416.65586476,1485659.1540950118,5590544.001411197,620726.2753528012,38022531,84332496,17404792,12492988,72652127,5068745,6344118,62145416,5065016,83157.65529765366,14762.504263428847,33858.32252231316,49530.14674808161,17535.968349959843,14551.23235492462,8138.216322255968,14953.61987965222,4569.747406432414,2.7599115317710377,2.6702960598062435,2.8236582188665,2.2608417427289003,2.419111443442338,2.402468318635859,2.2540514227552673,2.01870043935293,2.444508251590435
1.0687481856771583,0.11547018662147207,18.877665145585794,1.649101551637752,0.7013216455154834,1.5554907565297158,1.144441228741076,0.6201625454374674,1.698002615946374,18123158.45292675,4592654.597124051,3759016.635141511,6201308.249740137,3918991.7582562286,1235509.4168254784,1602436.0475599885,4472875.612309598,433011.9203978998,34819789,73397529,9678288,14626468,65844008,4468964,7867797,58382672,4794555,73398.07848830393,43451.56961822817,17843.90047773508,85866.56125540787,16784.62815279569,14643.233764987925,10024.797630221294,8238.81220860989,2323.922139303956,2.6730366131485663,2.0053295532727877,2.6427312851796447,2.346275862882746,2.3712157021020306,2.5039895666578067,2.2183843828709255,2.3083371003008497,2.796329199388601
2.4874919131149102,2.6041090402117417,1.3248951037968095,0.8210492361167022,0.7250848144598218,0.6068704082217123,0.339443900973895,0.28146600168805724,0.5841298951380341,28814040.04206507,5568426.367999319,3764440.169377653,4216120.402837345,5374949.8120145425,2231439.193064311,1000072.7782838246,4472807.98754999,663503.2991340527,52408530,65506440,11598157,17846121,66343290,7187951,5699781,58647988,5444439,108050.38489373647,39343.330724029714,18963.059728782715,92168.18111294409,6431.17671036046,28773.38051755076,4679.346774354644,4040.1513957029265,2368.6793794213067,2.835908746282553,2.59825305223122,3.098637413311743,2.4563225207264363,2.8663008646259556,2.1900712622055165,2.3937264915700585,2.5064690654120927,2.880044755331139
1.173352257071544,0.34328189269640585,0.3982186510909683,1.481269345549564,0.2504101798733678,7.785567526083933,0.9402236711196772,0.4530818783694488,0.4063188896771726,16365219.703827435,3539496.183955157,4265549.675047564,8950898.073338937,4557906.932659955,2249374.186189224,1047500.9701319695,5725158.991961551,351541.46484939917,44748653,59458162,12543679,17016281,64148791,4086820,3554219,62125933,4864848,125751.64205540752,10868.63706662669,37079.39058717392,85652.79779594841,5548.249956060807,14576.61114265091,3208.6574499805065,9688.322916478286,515.0498472183515,2.82632074621759,2.8688037956730725,2.4747428338607254,2.1718536481280175,2.809358424607567,2.416793583938758,2.4090428226117675,2.2234330863111036,3.206556549936737
3.654128067547794,0.2355387561681632,3.6103991303400558,13.461394875262329,0.2799649855438494,5.318162415872739,3.214617907232359,0.5779364430373809,0.5936339758870307,2523903.5081885993,4488854.085303842,937463.6048936934,4640761.08564989,4400891.617268141,1589920.779223872,1369193.2885697535,5125748.471814731,804936.87460542,18737169,64088916,3796738,11026552,64187540,3607102,4563781,63183436,4201413,25802.192149734317,5256.533377184639,6691.389800377383,25449.751578855612,2075.840835149952,11940.162425079128,11007.829111512236,4133.573971104167,2627.2745896985884,2.858119244840268,2.740054765913439,2.724362282849542,2.561723395900694,2.8575078881581533,2.4601289224088783,2.077392939119309,2.598565071911362,2.7408914769368273
1.7184080363584298,0.2857920322771995,2.2899890163206646,1.650918508001946,0.2757181233818825,0.49271668999818524,3.229611237775397,0.3458760596876301,0.3819507046304337,1362314.3984927451,5143019.920741804,704188.1486665064,3407739.438509712,4416198.558566478,764089.3971743446,608205.8942065678,4595931.931527894,581481.0148817112,7523034,66140308,4208994,6269468,64031256,2180026,4614262,60993162,4480123,9391.164634458575,3417.5448627744763,4392.439359271988,32898.5238508303,2664.8545155941665,10880.906134551738,4061.9250199344738,7222.278416148483,1625.2430105700826,2.780459731470222,3.1249673735157133,3.122570111816404,2.1114172401587115,2.9441310772553946,2.05092142007628,2.287264047128738,2.4105018549542465,3.058476317526909
1.8601109376811058,0.15186941284446076,1.849604893662473,0.4823887688007001,0.2185864610613039,0.5769742008924715,0.5308359595836323,0.35549717554530785,2.35633804209223,3992399.5990860974,5511947.65172525,908355.9051056998,3137737.5991063737,4441316.808433962,790388.286542563,771987.7882034486,4101641.4471014775,464827.75716319925,17795328,69049160,3538254,10081817,66416868,2772679,4704029,60369289,4620938,22418.057634567183,10926.164397380748,5027.789911930639,32960.41716612786,4123.613976985476,18097.297136998055,9413.065706722231,5689.054050578759,2006.9098086435458,3.2101557661230924,2.7537347524295255,2.8903545467468152,2.418718876696573,2.828424147185756,2.0453453844493845,1.7838543170780952,2.490985172901163,2.797383739723733
1.1942829701434274,0.41633383274771896,0.46065642437373117,1.1598644283948056,0.29382698492065407,4.429289345983396,2.285192171027991,0.38706787434130807,1.1690904001315046,12110954.127349008,4185013.563475025,2916946.730947291,6760658.401281239,3734405.8114845455,2182288.663390629,1171346.07878167,4508398.53077519,551158.1746530395,42906499,61516469,11307092,19414445,64383504,5395966,4159095,61981248,4518484,84141.14626311563,28687.832750957044,24373.453802645057,46578.61324087664,9112.738519572564,12219.531665581035,6634.903517888162,6948.8829440941245,2146.885406256272,2.7518665845109442,2.6102485495590697,2.6406183650299067,2.5022472510755525,2.5191955950643283,2.5828279118898925,1.983970382020601,2.4257827905358282,2.8056660323976197
2.372929499623195,0.29980636429622787,2.9099559166220317,0.17218460789252807,0.24473460164327815,1.6609772531409175,0.9235317521659124,0.3467326143899013,0.2918356296057023,1974409.8558602484,6859253.48771508,2530312.477144129,2653120.620610002,4424599.066480726,1308807.233679598,735281.2928901108,4600696.17782847,640153.2589066437,9129531,64995855,5688833,5369954,62831211,2234732,3374083,60408545,4451524,7395.386045744995,7984.041731094269,10026.505955275366,26399.13485021457,1859.4486303112292,10566.160730933447,4310.21920507108,2791.0719679562717,2442.0491881894854,2.8760404675752445,2.2586424929144107,2.7186527468299264,2.1402489507973166,2.2694449908368455,2.2191030600032557,1.9889958056617325,2.376670764290407,2.3904892394898205
3.257725516425342,0.18437569398772324,1.6380320692037098,1.1618295861376098,0.2250562759922477,0.9500168417928413,0.3217257496224985,0.37922301668610947,1.6923111075785788,4177715.838051073,5250082.684191657,1255678.4540300383,3805003.066725694,4625111.113589619,1548144.1910535137,645030.5509342814,4345534.006014211,457021.0300101348,11250721,65137766,4043325,6285417,65057186,2729192,3838244,60559687,4055034,19714.253215580342,4854.147098080972,5858.366927453644,26569.935296542346,2743.0534913426536,6763.684241437182,4077.736409371082,3820.854841885288,1906.2458883809638,2.6224735533022976,2.718009103679074,2.81313903750248,2.4938880141539,2.770676575201225,2.4805146889934084,2.4070225106525274,2.494246496810458,2.6978910031098877
3.6469519411993065,0.24627791089807796,3.3284321432837127,0.7165394198015683,0.17092862632602085,1.2752219777290483,2.7549525329357465,0.3289709514619625,1.0958177384159589,5853055.31389753,3768012.646521901,1913789.999737739,7176921.451804645,4141275.139475902,1926699.2977894358,1436453.0628300686,4561517.855448711,406405.5376867992,37992107,62762964,7623236,13174273,63061013,3275855,4933242,61306749,4435621,41117.1474874767,6438.841693111873,9069.687643395493,70267.84232360648,2171.654741063334,11649.665599626398,7193.896544099923,5860.24796016904,1984.2809903812672,3.3163997001593737,3.0830335244651765,3.0565092290144684,2.4288519039171526,2.919914390826512,2.5294105829846734,2.435337741925836,2.7604784571553944,2.8847510996372305
2.5189452196854933,1.3007615991936277,2.3116703166996695,0.6600051244819641,0.4863514507498857,6.178249222616191,0.9289322428690931,0.3060519242248025,2.289802923222651,11363511.680536192,5244316.930788477,3180072.7695788103,5587705.657152579,5215254.14938372,3307913.755969579,937570.1742454367,5154078.769698158,747009.5825851492,31189427,63865488,11252433,10840760,65206124,6834914,3946162,64244057,4104289,77009.33985525182,11649.128507901423,18227.104610922277,52242.42691506165,7722.856327693985,23504.629003192804,3579.794351569979,9252.038665717606,5426.966339032158,2.7926417468363645,2.7476645789790615,2.871359147651309,2.477706014623589,2.730355275135794,2.483823914746769,2.506408269749156,2.5361541239889682,2.8735656428226317
4.353988578677273,0.7904412550513055,18.568538519345513,0.45653342206276754,0.4198063874180628,6.016027504768717,1.1977303751444615,0.40289069986461234,2.5382680759363083,9758445.341526933,7304960.831266273,3227426.2753236224,7344412.8543139445,5194054.24529766,4791174.606268927,931811.7494210957,4686857.562321907,616246.4946908923,86693139,79417446,21032694,16307152,66465728,10424130,5032644,63853054,5264562,119396.35615497184,19412.24515338102,52527.33623206835,86283.14175125441,12083.34230090352,44583.502263967624,6984.863061694926,9787.23418217198,3748.1823062217945,3.176992818214778,3.2490558838910153,2.7937680850972004,2.52800219269872,2.588673492735578,2.242296908081729,2.403911094213938,2.658447340362803,3.1191799056089033
6.6507041609715865,0.6303395127421354,5.966310246529284,0.46172686369854754,0.26089454561749953,2.4762549748276617,0.525820408181211,0.3010826529131705,2.48164953048183,20294870.108992595,7495132.808976555,1540588.5594276967,8395044.09642841,4803618.510475831,3189380.8321274603,2292791.8364423057,4577708.265205795,630503.1209254817,75140598,77569943,12154180,20893298,64831459,5978118,4608587,61597892,4924079,144593.46500618596,14511.651105805287,13396.389795780427,120240.05303477217,4195.13554778114,15422.557601151175,21095.957219487744,6183.388552886206,3919.02111434002,3.003765896090036,3.2693417238113325,3.158192885532913,2.5322180722187886,2.9314929358247444,2.6842681636765997,1.9962820643994625,2.540116802350375,2.93271292210927
3.4713028746233436,3.8207081208100173,2.8307721545811626,1.6741169638343505,0.8755065455379292,5.418708892892985,2.177666708380369,0.5725437588502789,1.722963880597099,17823874.59755743,12956719.625377238,5491300.5260426095,10228846.93662456,5899915.419177109,5216628.043401083,2703072.6120134797,6197219.95010048,689561.69756257,58238264,74883562,15829074,17422082,66167027,7819444,5939852,65841856,5271570,90270.33434584411,36232.8018550878,33399.22892943045,32410.626236083088,10418.616876301852,22323.711581253436,14880.865938418674,12985.939261669628,4359.244706453946,3.0417451081374782,2.7487920260002165,2.9457829246734306,2.7479247941159546,2.6140362640763652,2.5295165556425383,2.1060210057225888,2.4586485000325147,2.88185896040253
4.691500261525273,0.4412009036454151,4.362127223053966,0.6070101687135558,0.36349045456185075,3.0208385916130034,2.5270219356032797,0.508121721929623,0.8675283632978146,9162843.360540854,8889767.969216732,1630399.4533573464,7378306.897717219,5353726.886347056,2705179.548151252,1297306.452690606,4821829.797294616,839381.0171345356,41255999,71486038,9064472,19524741,67872062,6952931,4999397,62741680,5046178,71011.08757694307,39736.918760680244,8238.411969476516,151612.9716198849,13212.101685910293,48633.50858405295,12149.392287707422,7032.650193127371,5003.684190768815,3.1220029710244246,2.7286900951516277,3.1574755015500617,2.086984203041108,2.6307602887366004,2.1072667282785202,1.768513242774782,2.7875059240875872,2.696148431356071
3.883320745486429,0.3482904127333023,8.010341783263101,2.5743573996939,0.3513147261026784,15.754615171974544,2.2205343095595262,0.35607094277172247,0.8811969689017047,2341188.466102144,4981997.0597490445,4823998.600526773,4401382.752378432,5140150.286702266,4421988.769435077,963107.9631856536,5546634.424283262,407432.32420242706,10465864,68040914,10039553,12270179,67373945,9333269,3518420,64202941,4312058,13848.370778915109,4715.397308645724,34893.54403250203,53716.180052153824,11369.935023347503,33863.190718243044,6955.683518167426,13071.22573295933,2260.2869632597194,3.171022487276211,2.88296938072224,2.6752514415705835,2.3815916842394103,2.7152271133888672,2.3359080867634185,2.4655284915872206,2.7122065867388687,3.229926172580408
2.6553358007248673,0.6702442871252323,3.170065817894732,3.1666732671669795,0.2975424273364266,13.403310311903331,1.6802812466194423,0.3116561467702617,3.2069875903902174,3525128.093556263,5235185.372124582,3001411.944883642,4871075.528261844,4424723.727887893,3314118.19321598,2574376.837719315,4787450.437662823,1051730.9048496797,14362849,72029398,7772813,13837374,66761312,6035907,6335385,63638753,4731921,18730.272145450355,7045.679779988711,12916.063057590824,30660.039339218732,8777.083784689868,19084.577906199254,9794.943517893384,6970.734581105151,7822.628345947079,3.1697023463917917,3.227999340229618,3.008607004422236,2.6127360946014786,2.7241800850829194,2.330350769062889,2.130579037204256,2.599795358411075,2.686104594767096
15.45978885548755,0.26415419581260186,14.312788427718216,2.5711542591052283,0.25316565603647534,33.2469551359711,2.0933709043638684,0.2811407831868773,3.25082002436558,2431171.798101392,5082187.4639746845,2139010.717823958,6178829.655883752,4592332.156717011,4072891.3375833575,1998218.3074083233,7057808.605300951,741363.2219301359,22171262,71843472,5795981,19961553,70497342,8372994,5956105,71980880,5191962,26756.7220269847,19048.450024903526,12117.027129538872,84455.91467733386,31859.75916525892,40242.0562396703,15655.031668340574,31490.707283275675,4507.599178501419,3.1166167594991654,2.88809137058824,2.8873507856979526,2.506626030011626,2.3523188719355352,2.27183186906886,2.254738739907979,2.538349351591989,3.0582369856671763
3.231950811639291,0.2626462652262005,3.6931454799202195,7.813940223661478,0.4036267236847943,6.706510649019452,2.4404930119902715,0.5625466309400678,1.9083992433046648,4811156.112102814,4483500.906257345,873106.2567957961,2360073.8899603314,4896725.404778065,2522623.20162198,1141177.4004924234,5625737.51612874,765554.6990300632,19604973,63099352,4835109,10990858,64578688,6493632,3862294,64713493,5342782,28310.768965951433,7040.1276355862365,4196.397223076472,22027.790369567912,6618.16670105312,15546.75815878655,10236.842430741108,7196.742244599609,4661.623363862588,3.2154693497841262,2.943029187679617,3.0292250498722937,2.8044207804605463,2.7228583930610526,2.6789855441737265,2.1996893968011824,2.416911383003931,3.0299669051228113
4.248337198545385,0.6696870502169748,2.0006528562935277,12.666080997169198,0.507314757349449,2.165521293759135,2.17733010502221,0.3090506311243616,1.3589144716119488,4077485.7274226584,6400220.554609481,593514.8987114687,9869022.875335218,5606739.19144386,1724345.0085809885,1829820.418583237,4869389.1259414535,871384.3198795372,30056354,69641932,12486339,21720450,67622472,5314467,5948477,63983854,4959110,61775.87512394045,12045.105353316963,17234.133174085244,90123.46217538636,7351.251220695519,19420.32673389406,13177.540299255666,6615.166891725319,4816.6955030873605,2.982090721759246,2.9576350807104825,3.1726525366318317,2.4278441059796947,2.7626968623163037,2.548308767874796,2.150604911272917,2.736441774695529,2.8922434188359643
1.942716692802293,0.28319581201082905,1.406207251256521,0.8453301700541976,0.4043914426902138,1.769370093579276,2.2448860600946943,0.40738497490723347,2.065926491127053,527641.4903471237,5226049.578478014,1374256.0455461193,5515060.514485905,4729100.874234621,1572807.6844521137,1649807.9649615474,3975958.0031738123,871259.2982892937,6485547,65043984,7568292,10085921,64260539,4299231,5911539,58301612,6783802,6029.532339989301,7206.079055839908,5703.571830721057,84830.91175292265,4635.560967508294,22652.173500285473,6261.3976552083295,5343.274605899009,6853.643165776907,3.044091529322891,2.844614583874672,3.2583500420882494,1.7341287891576664,2.871523626990112,2.4064575780183883,2.3089296127730394,2.6273510312412816,2.386324173987547
3.5495470065046306,0.22844123615285264,3.895102101767096,8.821347077149506,0.2435666591085252,11.750056222176115,1.2288147646010044,0.2166550687994213,0.39335157141831995,3371769.373855437,4637835.425594209,713718.115186261,3070809.432073367,4645794.820335109,2033308.0976019315,1167046.001435821,4621727.166719611,509103.6488245618,24742143,63612339,5846995,8788271,63491747,4319220,5830625,60953624,4068288,44455.74219299592,2666.242117861259,5211.877597362161,24686.039980615828,2141.9445118583653,18467.510627430867,4787.767032054347,6243.540438116298,2497.0650871973353,3.0058509701087512,3.1249092764641277,3.176378162970873,2.8501796681612768,2.7930929750960667,2.3360496648722804,2.1358852928392036,2.366403590335591,2.928478536681492
0.7317961542811152,0.34050626743964146,0.7503099794348018,1.9338265452667251,0.2736133413325791,10.12476380473604,0.6606415469828238,0.5208138996956327,2.5360005730791255,850606.9821674655,3823024.085968093,1445660.6028089635,2358347.14412853,4008399.397720282,1523081.0152934175,1035048.0177499822,4185534.8309399025,684368.6255745182,8552040,62703748,5182040,4614548,63316951,3871189,6919489,58211934,4156573,8131.644393489146,3284.5575376764423,12898.676347180948,14170.607983954535,1557.50455958232,21235.388004759378,6633.390894236328,4802.355037613313,3712.129843689963,2.8478862618894603,2.7267839003300485,2.6539209182143786,2.3818463366485556,2.795799681437024,2.2402393283472306,2.0856872308522876,2.398365919783412,2.78680079985572
1.894130730014371,0.2541698367588704,2.297666300225086,1.0830273072706862,0.35077070126308557,2.4445637520035066,1.8113011210555336,0.4273884803766057,0.9543254794706385,701946.3747910933,5040817.926060859,1357248.3459596988,2437634.2301252545,4557229.514726546,1108556.8424815645,831579.7917566581,4669456.3356954595,571409.7499712306,8907709,63331904,4559355,5245746,63552888,3103041,5832862,59863402,3802447,9677.859121487505,2798.1756836344775,6156.939215235146,23956.01771111008,2804.924869361266,13204.999450712827,7205.067498954794,3567.6155565431322,4217.0552767834515,2.912241116261531,2.6186125398946443,2.773104059248241,2.2628536890478808,2.6675140128884314,2.222350308694682,2.1443594145565053,2.5213004611958443,2.450142031012427
4.564653428642214,0.8882654086747575,14.223565928368071,2.2890663532044164,0.5569234191139281,1.53472379530436,0.6479372385721863,0.4989162192075845,0.8780565538571181,13059722.823312813,7498003.368670762,1596416.3991428101,4035271.9052436445,5241867.66931268,1896047.2010849651,1860186.4005326852,3868578.757768424,571684.4012155167,40533444,79488476,8030009,11208618,72854600,6415256,8005864,60379857,3414827,51024.16048555485,29428.545127536603,12949.744259180778,63621.96849109857,16361.505712434817,21057.017361363094,13065.080567066947,9319.90471987797,2560.6415749920766,3.1291163168934024,2.5279423853479646,3.0458633970121562,2.414097742756585,2.4190925774874397,2.474776444475725,2.347360247105228,2.1783179948932268,2.740417683198892
0.9512055453635085,0.19702531891466438,1.8592130680824137,5.2829688470580205,0.31806372226821666,3.3388423653648904,2.6032178828973285,0.3799833133403267,4.014175963246947,28603938.363454804,5310090.025933533,2757758.2110610716,6820634.433558981,4574105.662057784,2205749.755218677,1255063.8751131585,6637508.1620439105,936714.4448292204,58104584,95990057,30361423,16186012,76026806,7072426,7045126,64648842,5350953,118038.8531796907,69338.10232939346,21984.688184738352,53133.99745532929,37025.895979288485,24491.7489499247,8953.718004794806,30601.407586916568,5739.546213091741,2.708037139352161,2.9613626493419707,3.3695617703783416,2.596510836020986,2.295070907897146,2.75949725449778,2.3953775968231064,1.8697544875690881,3.003264581408623
1.299964657377339,0.5613094023041375,2.103879352668189,0.8423474108901453,0.6567576612407987,2.4630211073181347,1.535828401963203,0.5312688690671244,2.7060861199345214,28160775.517239287,7032573.702345469,2313134.6747543407,7292836.051770266,4787941.9558927715,3743822.21949278,1574925.503350484,6842335.958641363,876577.1599125123,69083080,64842446,13721329,21934346,63287169,6955427,7659465,62198071,6545387,111968.38067736385,91351.1663419545,15415.15134905169,115114.15206054061,28264.084027582503,30184.704046761773,5102.529519732271,21822.24865070304,8081.561753193234,3.09694859397354,2.0207128368648553,3.1645780424386003,2.4097843534180354,2.1190325662215193,2.175919068550466,2.513213790465999,2.0102193078662123,2.7906246967660486
1.3999976455619072,0.3850315087172326,18.271402574436703,3.4947638868851985,0.2100669881226801,4.641571681267526,0.8754709051587624,0.12146243274772502,0.7535904065753501,17183051.901709523,6577014.209731892,1870161.3829858215,2462817.610868144,5020906.88441037,2078219.9823730697,395550.12527867564,3699327.8000008715,319397.7847606471,30902558,72087765,4313939,5917028,64923206,3170322,4486261,57264748,4549668,45642.28328192577,6994.036818308241,8378.516934658592,15056.838733870738,4715.494011722861,11529.517834984857,2971.655133100538,1555.2997053186352,1355.5373079285582,2.848288339057133,3.212809405427492,3.0412296509776686,2.6804236835511173,2.661519478989685,2.3862101438928534,1.8533873202939781,2.3960970167057427,2.869478328973649
1.1420322205797895,0.20764759335803654,0.8166891458084863,3.449292335664297,0.20477437209417867,4.632509152372794,1.0250865970544127,0.3578488535865924,0.2710474552336199,207466.49102599523,4248144.115200652,70545.96546545363,421509.5837338887,4002375.8804496317,165324.7900241356,330076.30127037247,4467069.282954106,206731.51366602557,2453957,66188410,871160,1623828,61486572,888626,3755708,59938103,3492318,800.1887456459585,216.5098882271197,308.03625830420043,4253.061711639688,148.97994726049893,1293.0203494750945,1138.9898313655767,1481.9697359181619,341.5837867424713,2.5752679237000873,2.69249606481325,2.8866211052187163,1.9596060309427563,2.6274381730041902,2.0393836667856826,1.839346728064712,2.484328664574644,3.1692245429212615
0.24423505953983027,0.21578388191852244,0.45429631894016514,1.6838349585441708,0.2128633925096144,1.399216225929032,0.4281544174217919,0.18962688087202698,0.4127952725376021,159163.66756085696,4397202.623144181,59069.111102245224,253028.20046178735,4086005.9182590516,127319.28808566918,332171.5646323841,3827572.4484868357,227968.77958241384,2158494,66196716,746217,963558,61775251,837243,3876669,59002454,3387404,311.9775454451173,67.5198559973499,107.68902405913163,1088.0957918662139,82.75270261215086,638.9169348056191,466.1685415363567,153.82259145130206,345.1295105656774,2.96768543792445,3.011308309851824,2.8712966335956907,2.5304793484538504,3.0842930534869444,2.4617813493347125,2.1688478651260223,2.8201006062593024,2.880990901139267
0.8320828688340337,0.1809729023939907,0.3327757546700561,2.2605672377034676,0.17513001498719144,1.4390466911237838,0.3004204241992051,0.26799710941437516,0.20705320433962324,251357.5487656474,4360931.114512097,61392.01001636618,351024.7779021416,4002115.9407924255,151118.8773130398,279098.29892058205,3871686.2281233077,270423.86657305225,2416218,66345619,1002348,1002079,61563480,752334,3855418,58937397,3653150,1113.7254442614903,189.85674534787432,547.2423695726817,2539.338787212663,127.37440653963537,1202.5348283390153,564.1181296525219,443.9098460146282,496.8570307316835,2.623070544960724,2.773422963069952,3.0612844170718367,1.9649498255767943,2.6871966841003676,1.9436377684007033,1.9871640388811336,2.803684820143726,2.8722319999891095
0.8730092900008921,0.21043165506720635,0.43116428568078646,7.289076066824012,0.1952683590485601,4.171241024157102,0.6651263581098029,0.20955690653670606,0.1951908291944743,287088.5473047848,4391890.386587433,57732.34989907009,493910.13007465506,4067414.141020273,176681.3415503812,424492.60818065057,3827803.3759636907,260194.23035153607,2973194,66318735,679214,1102781,62164240,637810,4354069,58567550,3533870,802.6510754590963,62.80522049321581,206.89083678906275,3395.2531389247188,94.20195408698723,899.1314937384614,2539.907934649057,446.7620528954495,152.18516405261488,2.39596468694069,2.8083711531590003,2.7063541396946715,1.8784209717548923,2.4829725750208573,2.0843159852448396,1.2955440798988342,2.8267858902130176,3.1032380558937245
0.3387054526565063,0.19186499596252163,0.3118351969293534,1.4303286177851333,0.2019714705223459,0.37467791764042174,0.2222277746331774,0.23255101129996344,0.3870751966573015,213236.9769416994,4272435.468065446,46787.513201754926,155509.601665513,4052357.398441923,47240.610726839404,232118.8137775382,4073099.061665932,222552.56635122356,2421957,66082372,780729,1072341,61314151,877623,3136032,60085276,3131853,642.6678980462161,53.18933554927182,71.2218929488026,1112.3677936565505,194.8801378938452,199.6820625100693,337.37666247905247,399.50956949604824,214.907381448793,2.4562166739858,2.8857657296709434,2.9106547496295674,2.156189867468275,2.52873851699308,2.616469122719735,2.1180330813434156,2.4137464476300377,2.7556496693135895
0.4602676790623541,0.21370507705226835,0.266544384344249,1.4289469955374452,0.2102760559472196,0.9907182174291937,0.5493575711796624,0.18323599011365502,0.4852152731592909,218706.41893775237,4381628.858821658,53629.974063264664,430169.27407905494,4070496.9868076574,184108.79666354606,332695.1835419917,4034068.7316032387,251815.85109752556,2531214,66698533,689400,1310422,61571891,868629,4026453,59263108,3496307,821.9764921410845,164.45217513089625,89.94150450680472,3694.833956140283,147.89567859668293,1193.8158239150298,503.6031244611122,647.0491247554426,184.62965402254838,2.1452614454511294,2.757041850253146,2.836964807596305,1.7981639968603536,2.4880017032585,2.004063357020577,2.0121560220990347,2.3220691093185666,2.8879253959064553
0.5330453421206299,0.21162807078905946,0.9206855102551676,4.510007703722368,0.21682641153193086,4.4403560965455915,0.7065141771490501,0.22295591034424156,0.3783913287432057,239775.76559826965,4383485.539454643,73882.03241094628,375845.62568257283,4064502.5250770394,134366.58487097413,439230.67251793644,3911338.6508855573,227976.61901449927,2695703,66242584,719561,952790,61738602,631166,4410072,58766164,3582601,777.0038796899044,119.89828382416789,243.43545250899484,3469.955715362722,102.31998159573057,1559.7032869465704,3547.4242009598593,320.74709929537477,296.27205543484035,2.67553334030836,2.712938822938691,2.7912705149224046,1.611108247324386,2.8200141673367476,1.6295925599789411,1.2220552042156576,2.437332839841103,2.9099664782910906
0.5617281353787558,0.2643723970274607,2.39188354245144,0.9759526733445629,0.23479004089848043,2.4140260225038417,0.6836276453798016,0.21274638705182095,0.98368490420751,347810.3933666445,4629668.639790069,149573.01721899063,618836.2366592344,4248438.273287168,509011.9554385584,648923.7248268435,3744597.505367686,489440.6358953122,4667497,65755035,2106108,3445632,62160759,2272254,5425351,57101011,5268673,7326.968902275653,17516.32291609247,1412.6399667623616,14539.98913319186,4954.791436096801,10848.299880542716,2719.032041034951,1580.9417086756594,2750.70314412384,2.6879114362885463,1.7506688272965247,3.0954581777039003,1.914194564435543,2.2460949391416305,1.836326460811297,2.1952602987196004,2.2928841959765145,2.3661533704351143
1.8317671088617642,0.23751265419076298,11.10388748414813,2.908437598721748,0.38773817004835576,5.162774380624098,5.26816369533553,0.6637106710243849,2.657838062880325,7615169.952523003,4585598.855708098,2105377.6171887005,3091104.461268819,5814259.625278769,3759364.009079821,2281257.9213535422,6426180.522035042,996920.3592859921,27943253,73294868,7682046,10487120,75267513,7117241,7248652,61829533,5325835,36394.74210734821,57454.27374078565,15734.942622039554,30513.61054466183,9559.098668844263,23326.700965940057,18513.148562137747,15885.821362094168,5844.218635033678,2.9249978702695745,1.7749516748812613,2.8319479140896635,2.5455334857467404,2.4702604906312366,2.3193378980422903,1.7993949562562879,2.0609017294714365,2.2497923275037586
1.0787505102958226,0.2576993741242691,2.436989591256886,17.147354276273933,0.09317641036658866,7.605508539456283,2.5660221116839934,0.23229934323094517,1.2916546955178478,26230451.75551659,6945927.678156706,3485652.497512216,9876219.772782352,4696699.2624502275,2634572.2184265433,1290658.7863603025,6081827.2723190775,1004517.7286664178,75378217,89041778,17124831,14133355,73338306,5901687,7161613,61300527,7591386,93094.02067300465,18943.33540964678,14775.833409214501,51185.363632334,10928.962429103049,19751.614554650336,12790.15108061242,11087.75640244806,5979.354981067252,3.2425422519621443,3.080930359477632,3.3189703975344997,2.457797709308215,2.816611259019531,2.2911449928527867,1.9963080803395579,2.439502075817308,2.840940180144602
0.7666514697503957,0.14199064305791087,3.7650487847280134,0.57975970416982,0.4657155717040084,0.6489947809700524,0.5607747557596432,0.22767327129090678,0.7249576504841141,24887094.79706727,3138724.8489351263,5110337.3313854635,3445844.0898271976,3672243.161291971,1664358.6536888096,900117.7215399109,4457991.933494858,1006595.866725394,58576620,77340902,15103681,9658189,69198809,6043515,5949433,60227340,6276236,139463.12303654646,46251.441966303966,18899.597378544757,47888.50106074373,13265.920642295296,16618.83790426089,11904.72621060177,6168.968087951223,3347.9811021893474,2.77820692098637,2.4430729206437634,3.1541103259410868,2.3175651996817974,2.7433488574494023,2.5774991819373754,2.1879346295382627,2.6361110821800224,2.8647729539159976
1.0801754408585618,0.7468572460019797,3.973188922037579,1.7424077299409604,0.7181770797290173,1.2182306496031572,0.9788110258995791,0.6304319694569954,0.3197559582045844,20451382.800744746,2860526.642463154,3738780.109636098,5755999.875344751,5495500.736807167,2787813.37115818,1872642.7956708681,5075785.785385041,861240.888335828,71606147,83691788,21288846,12134079,75771373,6425442,8636574,65329243,7518036,105802.46041662323,52045.97523453795,16184.612694056344,33220.555418522716,22130.845857517998,22799.618303431893,7002.44956285447,13640.220548261284,5343.713821945148,3.3051448026334342,3.127383537570976,3.349719974716167,2.666445906140579,2.6825230981298076,2.5051104525404186,2.3763177356769263,2.6838079819691343,3.09631694041859
1.4406492772522352,1.2794186974280164,3.4966656975364305,0.5543709035739177,0.4902426917634664,0.9351739637055088,1.059977950920396,0.7412989005473327,1.0543257032161553,35026943.555782706,9777767.119444162,5511230.137276014,3668386.2341383165,7973584.398614595,2491381.014321119,2412578.8630351536,4235650.509794604,826601.1608099472,73073816,73867687,13158054,10501706,70356069,5447599,6932586,55571634,7422982,125627.15014422356,39891.03346898048,20180.55648042824,52885.416921818054,20350.41053448307,11955.79024275238,16876.857785117052,13344.167403346328,3069.990089696945,2.927515833613795,2.647922929516934,2.881901571921253,2.3510339687544426,2.5752680165325263,2.7390676995735332,2.203046800261363,2.454780455213905,2.7842802050427453
1.2741900892917157,0.7509406465155607,4.082541602047216,0.7835258246761043,0.629882852505769,1.711263139819337,8.206179079519291,1.361543862227796,1.444300430525501,17622043.21263797,17988141.329899058,8517317.041534944,7186799.368245758,10890837.375511693,7546351.86868621,2970521.700896155,7593764.414841916,677400.9790715983,48441977,81078266,16711214,13716817,76919876,11855133,7861028,62206918,6371313,144984.4623541214,59007.10712131374,40724.91604155375,52499.126114127095,16431.781624338546,42462.550348346034,15738.955388116694,20423.70514162975,3107.86899961249,2.606647785929353,2.6937031972737664,2.7130688216216083,2.3427642116906013,2.8737294297310907,2.481034970128407,1.9682612165018925,2.401593189029265,2.8566199790557434
1.7375677626086992,0.11033104122738226,8.041488018090256,1.1754374300527657,0.32315367242417514,2.330944252600055,3.4484316919201405,0.5188081764062397,0.9816395868919713,15919562.783563985,14414335.787303403,3940805.9196008085,8195377.480212179,9573870.038934123,4585838.7846140275,3819117.558794697,6277860.986345198,821189.3649621072,75660149,82941452,10477351,12304836,74901798,7160141,8746342,61204507,6592635,173824.03919581132,69003.03843007018,16804.097836073473,40986.82190223301,21471.667635575206,32845.513721700656,18007.035286849467,11997.128652371313,4990.945637709956,2.7716388474040707,1.8529331881644717,2.9613615395238204,2.4279119893632153,2.6657716793926016,2.3026372004909854,1.9068938929154502,2.3998382048459863,2.907547018500494
3.633115680067578,0.14326031485230856,11.551771818088039,0.8843573734818961,0.47414621024131054,1.918296555596503,2.002553618174386,0.8590102505633633,0.5237616178882664,8636799.255285839,15094200.064929932,2434619.1168262903,7553874.885728832,7801973.614910389,4463292.191618469,2988579.4159476506,6421091.542757584,640013.508875961,57979523,75668485,17558421,12881809,73739603,8506057,8057722,60624573,6025251,81306.39944284296,80328.33663348049,24716.95169014553,56431.28745155761,25260.21802047742,35953.0743760466,19049.868576040564,23542.253361655174,3187.811720027737,3.007357639556359,2.2539651739607,3.2179553038830835,2.395564410355897,2.428293435950538,2.401118979222818,1.9253841291137392,1.982305767959313,2.8724671714744097
3.1243786271037015,0.22398223883571275,2.369218183481349,0.8006608364457515,0.38259320561133214,1.7551156378737,2.1046386268597312,0.7786792269394461,1.332992746520646,5231498.419139237,7968756.492684144,1212879.0445664444,3080075.0594846564,5112911.0708675515,3194077.33553328,2324977.153214703,5717576.589574135,925895.9831094639,52908373,69730297,5986129,15772464,67957728,7214666,7742091,60793664,5059920,99295.67660910843,41569.80468740645,8447.286223229337,40936.54755052863,13845.781178142763,19372.562702847263,10517.92707726145,24005.481440204992,4919.457634790301,2.821506955772771,2.2957995338876396,2.9646593294150443,2.93213507666437,2.49387447649797,2.620771497746839,2.328602315298766,1.9470586004283477,2.5683586449056337
5.993758043644749,0.2679468847426066,2.1209993366857236,0.8142076300022566,0.3327168817393297,0.9284141847530392,0.8291666445707665,0.628240513610554,0.7196661567635647,13686413.676517075,6929329.034825947,1337304.8016882231,3883984.619303829,5143527.905304144,3009300.637112463,2062297.2653212966,5095822.939859955,1185322.1209416126,56272131,71428832,6818941,13784275,66912450,5274423,8543884,58959644,5309048,89428.59812153733,33312.542067797265,7911.207473895887,47501.23449592921,9429.306866305787,22517.650681447463,14795.462441957014,19671.327579211567,6173.1543995015645,3.0083495426377276,2.6624687726555556,3.146923391740744,2.5848551633028194,2.63821848447337,2.2853611674557044,1.8275924221843338,1.8010577099195009,2.417150844512024
1.2155852282184114,0.17663553700541074,1.7376166020432167,0.8831752391603523,0.28808129398059285,1.1175359293161955,3.039349113306761,0.5196507679840665,0.5120649825752023,1523347.414185497,8066125.218745496,1056187.7785164316,3682586.0432188055,5485343.753041728,1153899.9533779311,761841.9345366502,4545028.844855155,626456.3356919596,14459097,63091935,3379358,6299640,64050287,1798472,6196427,58746196,2961928,15588.50880967803,17564.205417013098,7102.67520722471,21739.5194144243,4466.216828210636,9486.900101441855,2756.4466579350064,8749.453882164731,3520.2774462338007,2.4806915448534514,1.9057938485282129,2.6388461185382415,2.2583740357970568,2.4255851304166693,2.176506789494768,2.5587744848680987,2.0635812236954276,2.7244482108433683
3.6867947807863994,0.5171582622120529,1.6671704800684641,1.5757702436139698,0.27522924738080756,1.4948252561124464,0.5634180040635548,0.3833169576117553,0.943860580910762,15848198.83614452,11089894.703086812,2974753.712484017,6110108.8327850755,5749159.154646092,3227977.097237714,870491.0333330557,4531261.765434611,560115.2057433801,45290276,73532849,9990527,10830138,65987048,4478648,5550915,60578387,3635031,56661.66032735379,25335.399363576096,11463.660981900777,40694.86082783784,8187.481713517604,16527.602071024812,6542.577349983271,3661.8050818525517,2843.018858635998,3.239108132806834,2.846797979885996,3.2460822251339527,2.666827610118313,2.5086351226943635,2.3377371758128636,2.068327073325009,2.2658622185022494,2.859922936468384
4.2632275935352935,0.14125359754661626,1.6003724097092065,0.7021761308135334,0.16969675884079805,0.637182503284945,0.9759178928913288,0.35424487880151734,0.6199149789883004,10669526.751512442,9050778.911052734,1873730.7653172684,4727328.033026777,5337098.740710929,2334760.850875753,936824.5087603026,4583309.598463135,188223.680665247,30527037,65692848,5577735,8580202,65227942,3539029,4952612,59756543,2819504,63062.729899078186,21250.99114949496,6850.402662868035,36524.172605637454,3741.1410989531555,17409.106774501775,5082.247360933419,1897.3679042327017,2188.945549486636,2.9853634377559004,2.2739644790354276,2.8358717915670546,2.3200219029430107,2.348831982625028,1.9749870776463276,1.889451259080616,2.4668341869215125,2.4499538162503143
3.494731520762865,0.5367263612357674,1.1939763850865595,0.921550396513463,0.2911252381995828,0.8807523951028602,0.787468922242258,0.46151268136119766,0.7466921978656186,19550918.519214936,11604003.728325088,2124760.7740524253,6575438.295780921,5780062.019344464,2691195.9324897155,980962.3634236245,4698604.456061058,563482.6470123332,47089314,74975636,8703874,19376008,67411661,9705794,8334613,61694010,4829814,111865.29664450162,128301.15140846398,20623.781664974933,62900.77928535,23611.808512664935,67566.56561198017,17203.24423736819,6838.443986361262,4433.709324800859,2.8804141404698536,2.0677394068721013,2.822311800999452,2.3847608479661417,2.276206660437841,1.7787211850085713,2.1582334586175227,2.4783750574517707,2.233046373536414
1.3721474537388267,0.21589562674203935,1.5080622521653722,5.033451942184479,0.32128004546261796,7.917588753936715,1.4714358346796566,0.4968974806825578,0.4591029314840877,14592393.750795558,4617830.064301316,4983804.177664759,5758894.826841161,5705989.343960665,1440498.9187757676,349057.05450567236,5056500.828258531,326773.73559205636,51026696,65330016,15881720,13914886,67250317,2839385,1944502,60793796,4647456,64604.95304907847,4608.901037367018,40992.05846230532,35321.840394523206,3033.0084713283172,12997.365779841144,9792.058062969481,5668.676051886119,1332.7831660195814,2.98255967715904,3.167458353131571,2.36972846772578,2.724291128997726,2.8994148955713763,2.5472100701418996,1.4188095206902278,2.7150269974190913,2.959884236248522
1.0044628947132703,0.3087117700216428,2.608919394939326,8.756817363677964,0.2763492006110172,1.1528796846108753,2.240906333503486,0.38560774312321766,1.4700455501890763,2428024.9448494557,5236542.57658969,3986206.206322114,6277967.49284392,5190608.549551712,674488.1244035048,419306.91512837424,5097093.100490507,517597.02068005677,13503464,71609285,11727330,15278568,67895874,2940610,2451499,61124897,4778999,20115.61851287736,10156.143870446009,24555.854065640346,39509.946889311956,2425.344386114787,12974.946517363795,4318.12649101343,2456.1767296879143,2536.9120137880386,2.6366527043782146,2.518680639819973,2.749918906546702,2.5393014955797044,3.0170893515542754,2.1929974003281503,2.396496298560168,2.272105480692545,2.58272239971481
1.4190178039180277,0.4052630618674371,1.1605611168564967,6.042857941981959,0.8600567414566348,7.274664847811182,1.816854029560431,0.4517212688645353,0.8701501122441632,18284462.054472186,4176238.85798055,4491228.344589972,4967897.662695519,5085107.89476211,980021.5775990898,715698.6694137845,5538421.337694401,1203036.9170557947,40912824,82933880,8197198,18035784,77211960,4901086,3460274,64497988,7685265,68501.00414032758,29472.074039045383,20647.598647296873,65066.56398074038,15891.363871234194,12017.124912485038,3859.916087631122,12105.487905467857,3408.78376654133,2.8570690709637043,2.4970839853056965,2.5429168979755286,2.56393623231287,2.6794242641830897,2.6943800040951356,2.5488109874502998,2.341647951137677,3.0073933042006953
0.7713700231677605,0.47397532571836193,18.962525632543134,3.5520007058210274,1.0541023500744946,4.901703905552776,3.849610815644179,0.7315672563931989,1.8632721486792607,32455100.036171153,4653689.710923833,3517872.6655471744,10904059.397151073,5335017.22481918,3212877.8908758955,1834599.4212461216,5969706.684300806,568351.4945774977,85378379,99885197,33188199,21002163,78840073,9132065,8051379,63199898,6240120,138579.85633830592,76790.43532027322,33372.6128505783,76798.41324744727,36405.168855761876,27737.016564850994,17918.149851070375,21140.585628334436,6515.934645047193,3.026189275615465,2.9592365359988033,3.332147994684197,2.3332168818741996,2.6218036826028794,2.498977915311908,2.2017027811353795,2.676544164966956,2.83641293325832
0.9716072493518648,0.2789492755107621,3.4889414573013924,3.2663127830569936,0.9576481337575349,0.9580825849320623,0.8961672770032225,0.5372509448976286,1.3446130535980092,28137786.788700536,5625277.468707292,3692440.2094627656,7542278.63199551,4702651.19944839,2900130.7284136475,1705406.435976319,4931159.543420589,706228.169192401,61258013,84921606,12420212,16815545,71522876,6955310,7505221,58042373,7717348,152474.76507990347,77702.2147520947,18391.49549361879,71071.84072564117,31841.12885874948,36033.0607714664,10081.272186778788,17106.203463781614,5821.183568205548,2.792191023416005,2.3348655082695684,3.0230063828943514,2.3235871772318433,2.4457601224464587,2.2315657412643577,2.5814102940654218,2.1767016572235294,3.22057483192643
0.5859863273623088,1.4431922560416688,4.089327341665511,1.2996721005971652,1.0125909095189816,0.3381568957117867,1.4682456878012669,0.6453526134813653,1.2731115829923947,17450549.35319347,8297087.246610843,6109377.258758772,8974690.208662778,8399448.880754173,3101002.0660990262,1889961.608074966,4678182.416042129,1178347.4257695447,45023028,71428976,16581777,17299906,71693696,5110459,6737247,58456438,7021573,86556.92145077193,58753.104512656915,23575.138059774763,71605.2635834321,19479.504567591062,24536.353227338528,7899.353981164248,9081.984188235127,5919.6703423316585,2.660630318020716,2.306033393262942,3.028298664034068,2.184323202048688,2.7047454828338804,2.24018268300993,2.7675974716712735,2.5916598511182656,2.5451033952331708
0.8735721557251244,0.29026801854970985,2.2271349166942027,0.7778292336503142,0.3460126116065876,0.7157220776601598,6.064121256401026,0.8777198817237222,2.5761889934025057,23884857.177253395,15825442.908972085,2805581.2936171107,6316641.830117779,9841845.027671589,4001190.6608830616,2876878.13549516,5246487.574858673,855197.0669910957,48368727,75947742,7971968,11788187,72581001,5872844,6974191,57337576,7471654,140349.3106085555,69110.190849124,12131.778219805612,50308.21189162972,22306.03889094591,34982.457563811964,14116.979728396735,7464.307438135958,3937.9166111443997,2.4695128605657928,1.768142631296333,2.941993893730486,2.2457187235871565,2.329905402622833,2.195987905045581,1.9716337980352534,2.2903015615036004,2.70169506719353
2.08604483161276,0.2398594929918075,2.9188848866109676,0.3876555356633017,0.4828965151896253,0.4237486050200436,1.8823578198103397,1.354662554506294,2.4788592768877713,32204572.29535483,13492421.895445017,4806365.309355833,5292130.970712351,8390985.579795407,4386049.434333964,1388566.9871355325,7293626.324334099,1300123.4409634531,63001547,81947063,16859920,13578352,72145311,7101753,4845532,64106317,7896519,132206.27367440466,59862.85733768346,26221.270305057526,69636.23196567995,14092.106804343694,47246.30896931837,5170.039293810746,17494.216608028702,5474.933814489763,2.8546044588492174,2.4626498338515903,3.225878646314484,2.5679442346531873,2.3586195999160458,2.037537024395924,2.554896132031779,2.44646681288403,2.9296524965729516
1.8649867420453667,2.270031776811777,0.6250937342515773,0.7198575320703086,0.38909152251177975,1.2108462153442385,1.327491923239142,0.24473483983345223,0.6121839242542215,27854111.306372486,7214557.919405712,1367231.616065882,5513187.108560882,4193003.0983311697,3933995.394857595,1846512.2919684034,4183367.363930105,597957.033461204,100920125,68839172,13663119,20359071,67215736,10391994,5884310,58953472,5900217,214549.37234715364,60802.623317931786,11970.509238385308,63382.03428350383,11036.508871453701,46175.05098504994,11066.342841851849,5715.388017677591,5338.679347811782,2.8762394025262523,2.7031880775849397,3.130304602948147,2.6160545543179845,2.9128520096779313,2.218635343952923,2.0447465933354545,2.5216365906621645,2.9631152484805847
4.224965123369024,1.5763054084671755,2.555114762656263,1.4513623467757102,0.3328736764296166,2.489663399425105,8.804996593419341,0.4636368414657708,0.9841587558160124,35362200.49314463,23821706.581192967,4231672.243982854,21810650.40963532,7517586.941227051,8581900.618864622,3033940.859012159,5982278.366622469,1134121.167980521,84256754,99656832,16681856,41875256,77277576,14301730,6312337,60960543,6953433,138601.9314924164,120939.73640536971,33859.92680900241,164491.9206039847,17440.713451809246,56866.28991304703,23758.554163116787,20344.69039342798,12022.928394592529,2.951318056723571,2.5228235903762766,2.7614991113698855,2.3747997380635217,2.7623759096690526,2.454559414710719,2.122032684691624,2.1850078919377403,2.692462737106679
2.2188373995673247,0.2058436557542392,1.80290286758438,0.6775268549282297,1.4181401118780745,1.2175105561958472,0.7366906169187737,1.0941853243636663,0.8551115221220948,27849425.246576738,2515434.3152298187,2958151.3188533923,4577186.769813893,6658447.193027082,3053203.2122641737,2070861.2204944026,7902180.269373354,649034.274397296,85681604,61115669,9868070,17610550,68342186,6083660,5509112,67595988,5294859,101991.48628185084,26551.925190124017,14799.611731141646,39743.40623188429,12504.430943349558,26396.400176200397,7250.068867468606,13855.573238577203,3456.8186263925854,3.177176194993687,2.8056649365141935,3.0913659903819903,3.0343944368017723,2.7947768441258494,2.482329229190892,2.376574051047621,2.5652310453092126,3.198612572370893
3.3774343664712063,0.15583422809034125,1.7248078102007407,1.811264204228091,0.17278816752313397,0.9492702266182753,0.5200947318881661,0.2868919980460499,0.840970541923888,11607398.95316994,3506523.067200317,4974626.98409971,1857561.2567764292,3595106.166919787,2450608.2505239733,778033.1456008828,3941495.590196916,120132.09040739536,17990492,62764810,5463554,4025868,61765201,2967722,4635308,60486949,1469423,39478.07230377984,5918.717431020765,16625.371535700117,8380.471156046777,1727.7746337487733,12057.956358678472,996.4019620604654,531.094387230324,485.1514462001538,2.2386065178169066,2.2672877507735767,2.2132099010893125,2.545962790459839,2.5952739621925693,2.1077752417990023,2.254249044972167,2.798975473033228,2.9420521355667626
0.4312437680639779,0.1777110763369975,1.0979110115125656,3.5962830749737513,0.19528593403444064,2.4612065922287476,0.33211341001943473,0.2027421603878163,0.33860585239192603,203540.85344188137,4223711.531155118,18531.20431304725,175287.495754271,4036991.40378829,49665.55706660191,232331.59477165266,4007777.588325944,78181.97560941694,3768396,65170924,293612,596212,62455855,93801,3905322,61187240,1082196,443.5255990474832,176.73556018397454,101.13325753965654,2380.7554670377217,29.817077871784072,373.78935291060446,287.2523427619422,91.47391211326152,69.46364077532732,2.4966254278771283,2.4848980165760466,3.035178220583691,1.8633783821834005,3.078948765452708,2.487162244637809,2.2665647498252506,2.726561118758704,2.800825380947482
0.27268436527567597,0.19694908240192696,0.9344298574957063,1.9991599241659879,0.18161785088462515,6.891722724527837,0.4830205823060545,0.18308189980189535,0.4736907625671798,374606.12665345834,4143158.1501518283,36049.59767968548,167213.13672204278,4057384.7131881216,76437.85931607832,212408.85522603188,4022214.647562801,64878.79586787177,5994134,63052042,327999,669564,62555286,154645,2753004,61926643,1005528,567.6043168351679,214.4787594674879,123.41883364206713,1087.4902762512936,78.49089932607484,541.0112562426644,746.6684720773095,256.56831498992517,86.3336204739246,2.7587172202617043,2.4370773216102433,2.8363955759750303,2.3926470296976596,2.7438473333250153,2.5815926914967378,1.9100277532421277,2.2854908496077067,3.011462576169503
0.3154311330504683,0.20939629609907676,1.735579530943771,2.053320220740259,0.2199889311124426,5.797815574311616,0.48109137128952945,0.216182302735086,0.8063433232609942,573096.1512631858,4117063.8974188473,36090.76681128607,441443.325983562,4241928.432859061,66938.18359322328,323221.8204513739,4373417.459526749,108983.50979667489,7178166,61870857,404650,1078473,62819255,157823,2828890,62386804,1024078,829.9197524419234,281.5075124763569,285.89123905817564,4548.713283819459,249.8966308626255,451.74759091937443,750.2277534559021,922.0565845941064,312.6285882717769,2.636278394869315,2.451180865701171,2.8920983240593063,1.7153894542516754,2.6102461027799353,2.6147139098430516,1.9604887152795434,1.9335961919826883,2.4832853437746456
0.4522750005466923,0.1822433397189209,0.667262568562016,3.8331508180942104,0.2214578371666989,3.028844053251752,0.5604226202162227,0.22478260530644348,0.47378008982638237,590784.0646089183,4020666.693425684,25166.39349586929,244809.0073443926,4214509.933097033,75532.98932274737,293924.2795595671,4281539.22584274,90930.61874815205,7380761,61622935,384948,662472,62413877,158364,2588087,62777028,952953,441.5789053643453,190.92961649690898,78.33467607455471,2202.402705924554,221.67376240414612,646.8055130505332,408.091697880758,511.3091755867298,118.27743549976479,2.5184646648911584,2.570358994930924,3.2007798820886806,2.0381634500316625,2.5793302126305093,2.2533599470398498,2.1809495643710806,1.948432876404596,2.7354524835798717
0.29972937902815044,0.18673762434650962,2.394250794131105,1.7088064755023604,0.19069006443478712,12.029221941544531,0.44657448872437017,0.17997409133188452,0.5335716250651978,652668.3922257444,3911183.5602524993,58421.54815104362,250412.1759645792,4185540.534916086,245598.06608664017,260433.68164108743,4295273.775963294,103967.64270648902,8138379,61492376,364638,878575,62733991,426979,2635214,63215913,1085044,883.792436782546,283.98846720354993,490.08743320624,4040.7586881409793,431.1788250097806,1621.3641532938193,1165.0916214598449,1111.1946319453907,426.73691253900694,2.751491922215177,2.75855678325107,2.5756118417279756,1.995485901803691,2.5238304899136335,2.1572354229914303,1.7419314636820462,1.8679726599871955,1.9531132853992703
0.25349597403930174,0.18162691044932786,0.6191304774351193,6.726308666926219,0.16554305779158654,2.19294031463359,0.2556780984039447,0.16223730387428129,0.3580627021935649,551510.2427903672,3943266.1403558766,43676.45303486941,375186.51825791923,4069133.5683517605,115879.15191520544,206215.55346730218,4110066.5036208574,94753.99610186466,8262942,60741372,224373,735686,62339460,482920,2556369,62224180,977473,771.4738797783046,83.81892456265277,222.64843473231932,2550.728287402784,348.05840611839255,2784.2772592528527,244.26009053721714,1439.518691855987,116.14896554252914,2.7831741371479204,2.791505770564177,2.86033101542367,2.1125424012036165,2.4328262926997573,1.6980648472099746,2.3132455176136,1.4702069686774928,2.7552955080354673
0.15546352434007296,0.22443313507986182,2.1566537527337446,2.1683773115794316,0.199048058485495,1.8190245086177201,0.35979051621869307,0.18985786455896156,0.2733883425801778,625501.2270247063,3944465.480168942,49663.12292259761,287754.5195841612,4148630.72919596,145231.7402100641,203328.61466874232,4197671.811817543,79783.71137415951,7269555,61705009,288715,512485,62563172,324312,2601744,62746240,1017856,542.8744196957175,84.77337220663166,235.80549010581288,1822.926325977719,75.14711474080833,1229.3130376194406,666.9167512522989,190.77848560887145,125.05090259730785,2.597470856476211,2.7267567283516057,2.477399040872429,2.069534075832362,2.909197324162026,1.7752505967677064,2.036470897515727,2.4741809438607247,2.6770557134343065
0.3075276374302423,0.20990010202425197,0.4522757286345714,10.019274704891606,0.20928115335798755,0.478123003967573,0.6837315955184561,0.23103901591446654,0.45712153290188523,420655.6633301942,4172173.7363215615,18714.201143203092,257983.47125366525,4086393.5955505827,41989.45497888602,238237.12557925185,4070998.9462441,73613.26952651817,5665493,63491679,520692,477201,62799611,226004,2492772,63093745,1549536,605.4910009011153,45.513730378190104,127.43335197092934,1326.5735089105674,97.346232541051,856.50759556134,1356.3696286383847,436.9056151859134,325.21517689962593,2.6059238502647535,3.115566445100014,3.0258763581176984,2.1876726892217264,2.816444491254749,2.1831575177645255,2.12000290408827,2.445517886307056,2.8868043802782477
0.9350579162303286,0.18582390227539053,3.8680232070505745,8.454735407355116,0.21260594546736292,7.6741912824254825,0.9112286837428275,0.2078751099002421,1.1702499447176566,915979.42388191,4428938.536032324,165344.67618098296,1570677.958300787,4212117.8992455285,655823.6899445195,451088.4367374009,4360720.384254866,253848.91153411727,2931153,66720353,1263283,3554851,62760737,1493621,3333101,61036423,3060001,3150.190429815395,360.588940737511,1118.8344204230325,26018.22158824574,476.1334779738426,5140.574177068126,5700.200643022604,3090.093419451091,2523.3243613494633,3.065956605519582,2.798098059388596,2.745007075281331,1.95009842649256,2.7175226521934106,2.303054189597426,1.9168577982777735,2.175396559368252,2.5305870458381214
2.4716138680325055,0.21305747044934706,3.773259890467546,1.6085906121080709,0.19567125474204708,0.3477010405232809,2.378386527609758,0.22072757783340638,0.3804211954614512,935974.3387678703,4506831.2293595355,880045.1398339132,901763.2993386384,4210977.816289137,799225.7116915312,866147.6685209065,4770285.478941093,609706.499511248,5728923,65692269,3371766,2268448,62821394,1671158,5236052,61085073,3095824,5538.858931079292,922.9860236605315,7555.917125306849,8499.099051435953,1201.0029166205204,5303.7969378756,6190.850977488867,3155.005693591291,2847.102934368928,2.671298369592738,2.740128372597874,2.580527681696707,2.3697166046167406,2.8660114616602717,2.496950584604317,1.963934927815253,2.645257882023958,2.7527038550336536
2.688222617261876,0.19015823602339788,1.5822843196556429,0.34951674878626543,0.21776992489278163,1.1601670317380952,1.7267316800807062,0.38648895311786174,0.28405334888722483,1020531.8611017424,7638873.500726944,787766.2457906115,2550884.959643405,4541105.847396561,2867701.643870799,1106263.8548636455,4529777.442030744,303316.9356601681,42175411,76533491,7595488,14170309,66416361,5854010,7238210,61201418,3961426,42382.08522993328,52379.762090575714,12363.102985263058,36690.74031749157,21481.56655920989,21155.49638418936,7367.917426454373,6798.417692824418,2777.3531515706354,3.3535720636509696,2.3917213042230143,3.08967041353991,2.556522664154782,2.267948112940454,2.073570499260177,2.2167277294729617,2.358496368579611,2.7867910448200703
2.59649999490234,0.23099200675587778,1.077901254741342,1.9418367334077775,0.4262335801021713,0.9140030703869044,1.2186351941441937,0.5720629437728098,0.879314891222277,521217.3137772092,5021860.484930694,601543.9459045307,696265.0076687759,4494049.387852554,1642182.0244027297,1236067.9845917993,4206235.861380482,1025313.6486357697,12623314,69729931,4338219,6100218,65153257,3456119,5885295,56378721,4865763,28796.26120563598,44812.50930867771,9634.991540798874,39795.16253484769,12427.50877501145,13590.374393348768,10361.131301963456,9041.99993546013,2494.2461629199647,2.6350367201438556,1.5094449937461065,2.6119985613475443,1.655866443782799,2.1786629818021934,2.332128356311511,1.832471741888592,2.265848774664593,2.7008247411625796
1.784887608325382,0.6215736049794947,5.575010079828701,6.149906926248409,0.31915747861635163,3.2814278452160277,3.197185740931423,0.40698603390911686,2.3603047850042222,5428899.865302798,6179511.524734178,1925285.2157345356,5350835.709945369,4989719.225203999,2272991.05543073,1764746.657600752,5600618.426582518,762267.6460848155,48035010,69938946,10136965,11429014,67258451,4424631,6613625,59827969,7451344,75222.29528482148,11026.72466796176,10857.602310292335,27048.276558085225,5269.9323916550375,10013.705627183404,10566.20704549549,5593.222228346052,2218.9036152188955,2.9016915087142863,3.188445070011065,3.1317038397652386,2.829393712982661,2.719728727367359,2.841073945766606,1.8943332906464918,2.44648037539017,3.074474954672854
1.8614413877115068,0.3612915184715017,25.826791778489795,7.518582799728182,0.17924295342263763,3.323891489306199,1.637504005032157,0.2308497323855399,1.0476402880451203,16541830.860334752,7250835.496913237,1846221.5198021547,2727796.6466527293,4434099.357349353,1528813.2218781558,1019196.582719483,3664286.5953272036,583333.6256848543,42475494,73159070,7325606,7471807,63182611,2501214,5328324,55941606,6167545,40875.159025918256,6913.701360152218,13955.248209205005,17029.74427074257,2947.315431905054,10066.248635027627,3991.7886234778175,1541.4548428937749,1345.7507527798982,3.1237233618664826,3.0348491784462435,2.9813214315701275,2.864882084216926,2.6524242365873136,2.4331448078000353,2.0711640123428374,2.7172059591661863,3.132478394514389
0.8250902868879313,0.19239630360148668,0.2913063067656328,7.418060598176205,0.1866538187059919,1.8391606736626405,0.32779917410304793,0.19576484689163665,0.3536198668566351,135743.34998373926,4342546.896431041,55112.05323819668,227119.1045696355,4038728.3604342313,116527.55854096319,251020.44501533837,3818011.5334601,362006.0596140066,1741145,66871705,712717,877546,62208500,594290,4212427,57423581,4812667,523.2681864888658,71.34619140625,134.3252872169069,3022.3401019970984,132.6879612996896,661.6715719985492,255.99443124108683,282.78156315763374,185.1891712719426,2.857835842840836,2.9905056552569516,2.9177422975113636,2.4202590586991755,2.811965173846202,2.6007595118006064,2.397044331602678,2.559753841741391,2.8944514970579003
0.5057257154960852,0.20411338051995442,1.463072200027421,2.7533943630835953,0.18614524035360427,3.698959452981385,0.23531565865193155,0.18683013448012217,0.3151216022234112,210864.24413920328,4301011.213251671,123295.7441815493,234277.68848666758,4020974.169913846,194397.260575196,330260.09340913506,3805593.967636952,312314.6838587539,2680303,66159190,774547,826903,62205621,567369,4589039,58079115,3719587,570.4545733650198,64.59957186651073,464.12436553137934,1428.0623077099376,97.06549653043135,946.5069579410134,397.8517990000524,234.47279299952916,263.03107409284274,2.7759192673827466,3.005343513454557,2.9406098646400736,2.302436520956346,2.8758965882773984,2.2427504000957743,2.2157697148168976,2.443202158575886,2.6164647244562826
0.2597933411176142,0.20776770747684978,0.39311979367932864,2.159992311315247,0.20503227406441518,2.1173515435757975,0.3229693213400759,0.1860494792381977,0.2515228304701722,201209.56567528134,4307210.452586779,44996.66754779185,215479.22653177232,4097922.5184171163,153085.59182674752,352635.70353279,3744582.8204786843,234129.75546113472,2936828,66033776,506389,890285,61938797,536387,4436452,58365646,2888397,423.3110792758494,40.51848618948495,295.150158561823,1895.805366360933,64.07136161469458,1040.5125342134995,187.8340991847698,175.20176584186882,236.10762700566005,3.044356367572224,2.9562971679905075,3.0265224746422743,2.0441660314838384,2.754285374981252,1.9414897372092768,2.3176047989550423,2.6954059250761446,2.82632104310729
0.6432771509435794,0.20263643541932752,0.48553306606662144,2.855646874127741,0.20779307716378595,2.1212700042613637,0.8312676542590788,0.21490817726890724,0.4800358124250489,361470.13888629456,4242206.94984652,59354.21325500569,404900.8035640109,4060722.710386836,103707.1990588301,455744.1714780942,3961749.7916493732,177710.0677397639,3492199,65136437,725606,1060313,61889025,461921,4666858,58683764,2717154,920.0905616528679,55.438847564813656,351.84938586865115,3402.1572280410924,45.627949693358644,1122.0603710233213,1611.8608347605882,363.5984104814428,561.4955523075696,2.462507487460993,2.962371268934181,2.8572657395936982,1.821829737806065,2.9738749846569035,1.6170764336596994,1.3131464167209648,2.434715968244012,2.421375716496968
1.0523928359641366,0.2022868336259016,0.370939629956967,6.925349870011814,0.20771103357398996,5.145930186779574,1.0706632173671657,0.2344884822669247,0.36319324901225725,388901.09348379297,4378744.84544098,42538.64976528952,449000.98910968134,4085566.0313888174,135002.01247115526,490127.9220970067,4017899.2056662263,218641.68456578278,3635544,65453379,735877,1292233,61784684,668797,4145346,59532925,3265152,1184.5043123385178,230.50105046208716,133.14384841517656,2519.7396832152,149.8757704445768,1026.3621847500735,2515.0647817455006,311.96144460995055,206.6571390593707,2.699478032871073,2.510135972829893,3.0053361794932103,2.2743680650024825,2.7782408698670205,2.361333629270809,1.3527030291802973,2.6399376512585437,2.717137496217195
0.5932586304654754,0.20946840462040464,0.8532216105820215,15.65193586628187,0.19961600219534387,5.414811278931198,0.28616439062291754,0.206116895052687,0.30711896623118107,204306.32297479437,4388909.516713844,50484.78772573606,428714.7129745079,4093604.2829490774,176038.69840119907,325171.05544046365,3704348.098443273,276917.82702740293,2839458,65999291,696627,932304,62432978,539504,4668779,57816745,3474453,691.6542987733517,48.667616288648844,215.22163033342846,3991.045614697695,63.725892602727775,1049.8051190664366,612.8993265106054,133.306155804687,435.80717449543124,2.6823913132518236,2.940777439149533,2.699894440798329,1.6498084842824219,2.8724294496256757,2.199882731465423,1.6688790475006925,3.015769753434874,2.4855767240341526
0.23114057210533404,0.19731965319515443,0.35557839874502156,1.250923684688414,0.1884898151826604,1.0419347356087516,0.3700612851547283,0.1997327361706297,0.22417419765547766,171398.92574866238,4308809.053450292,58482.22196794284,85065.63170665326,4020424.658109853,41862.12060777633,328720.8816104612,3804848.3441430368,215681.1324310758,2932528,65497229,734617,563661,61963868,493739,4489469,58845785,2611107,220.05957817564803,44.090632231261786,85.97310692301434,957.733592077671,75.33312604199537,577.6078738451283,831.5888699720742,192.7024489903622,208.40422318398737,3.1615079503395234,3.0870417731971687,2.8447271150569864,2.2796831520963785,2.7379104146550826,2.3730515243930173,1.9154138800171214,2.560232961293906,2.5935158467168993
0.6751862657062291,0.19227306187429635,0.2837839689326738,2.1642967267442113,0.2049317534915705,1.730137457078372,0.4815236196003942,0.21580189282785645,0.3109330314665017,274573.14097308845,4248772.628370242,52213.534814468556,254118.6151003608,4005980.8842415605,122707.77485159485,309823.6546315562,3945059.56548478,169421.48300037388,3136331,65513804,777544,848397,61838649,625603,4087936,59741923,2326686,512.1120695789274,28.151048461741084,24.477716927900623,1990.9420581435447,41.62905715759746,916.9927464869205,401.8580980043352,106.99693620753894,102.71871864974719,2.8461494165392818,2.9159162372097596,3.035739272714577,2.085254126952227,2.805729398587885,2.234254220642608,1.8560997399864545,2.568835359808781,2.8831811142062964
3.176736321368172,0.22886030080726807,5.129247192565787,1.0046896526968256,0.155893921788927,2.5769534140963084,0.3504079947700876,0.1501186046403422,0.2299217197449195,4375247.295848066,5642718.256351009,688375.8284357255,1755666.331613746,4543683.567753488,1278718.901804726,308737.30027861486,4151630.4168125317,243427.9617085543,12939537,62435402,2951283,4892389,64652762,2031558,4390029,58337017,4650638,16969.119551764954,5162.644168625047,2698.1044369392944,18113.43813536708,1857.4890648916187,9318.979863185355,2237.0369338814057,1725.075101873996,2097.549524051833,2.4468242677233834,2.5005560303478327,2.6214899129341744,2.1238599413735257,2.5469707071194225,2.117628346775224,2.4538844817871204,2.61835425692764,3.182836184920964
1.4414932057613186,0.46759138837468955,8.668967453306564,1.3607853098793448,0.36557864324551453,1.9832173228725083,1.9525507820241768,1.0928515630305604,2.0120569884731476,22207722.287611034,11617581.949987575,4768687.438621737,5026649.485893776,7720469.242408634,4759934.393525594,842817.4767909616,6737376.533909518,372403.15265880263,64980180,82420360,22762683,8839296,68881614,6013612,6012826,62529056,4191001,104924.51303379796,54369.090440590524,17630.310294066505,30500.11640275258,17681.618224336187,22058.234668403602,3672.455520676441,20003.031283435153,2054.8367797402793,3.213788149178808,2.9504717098840576,3.3513814164561557,2.370054280442465,2.5895785611318436,2.1337240347820754,2.3197672003999523,2.1018355605855747,3.1051868823236197
1.5654568487962677,0.5300023515880823,7.377566663022482,1.0906895049326015,0.3520920447027963,1.2058055957420455,1.7801591403925148,0.9541810609220716,1.5473570499865872,26511916.610141616,14176118.031126067,2914268.413831527,4681467.4042127,8699693.642047305,3592576.945503358,1014660.6103792866,5406590.302353952,516641.264294817,72348305,94991002,23577256,13252597,78144621,7145793,6711463,62895755,6643012,113073.84890532773,103923.68085945911,23454.763358794604,60739.726859946335,32031.961892270017,35792.04210604838,7303.0090773800375,17118.592250178175,3211.849261039279,3.054206472757348,2.3411697696706293,3.233419301742483,2.711221806937157,2.289636252042259,2.4660531303485778,2.381954799672192,2.0927790968585587,3.192361514867855
0.7660037029123992,1.6839815355603518,5.480746581474677,2.7922686805426564,0.6092373572237654,1.2129855913063032,1.3395290310406698,0.3866285126426531,1.8407427753607404,21621715.923469827,9117829.338782724,3450162.7720943736,10426108.008657077,7028172.560817519,3042709.2440304095,1649221.1446731817,4083823.5594749297,780265.9589409903,56645186,76138082,16092794,16438761,71464027,4556588,7673229,59734964,7293272,99815.27805579783,48257.19347647509,19278.355616396457,75168.30602982618,23247.085685445214,14888.902644986978,11725.833173455489,13020.725176031467,6663.451508716913,2.7486766063142776,2.6525948319131203,3.117247527552306,2.4274603802073442,2.5991515284120252,2.508482706488434,1.9574154572679237,2.2943140794470773,2.881825456384463
0.9554973308495038,0.6061206519361124,4.639257903743438,1.5924401466825862,0.27513296467139153,1.1930265579847792,1.6272574439862435,0.2146016602295882,1.65219623406161,18657881.39059283,7336875.692951001,4068131.095952058,5013467.285968106,5210056.058005474,2306207.889966653,1238581.0744140502,2987781.788744694,851334.4706081699,50880412,77480256,13193591,14183795,66804644,4097196,6493543,55246055,6155586,96403.62088454657,51764.81119498622,17387.987264886095,51933.7331136873,7541.848261679825,26823.998062612747,7178.077472568476,5624.450670903232,4954.002474737116,2.9593394854663435,2.364685490558337,3.0551283310477357,2.7528098170561646,2.659829809660563,2.0999299003720595,2.205624956838923,2.414156864753749,2.7276387322562705
1.576741322538816,1.1590166224351417,2.7228895612335786,0.6708806253957148,0.3986505723223964,1.658121371151526,1.3205472914074157,0.4804937146905795,1.2534350535636045,19937338.793801636,9266871.46811215,2278495.146181021,4640968.234140424,6305419.570467139,3112928.3467942365,1848304.562291183,4482286.591486523,860955.0598257774,44657491,74546290,14154218,12847214,72420743,6060876,6877772,59794662,6974414,67183.16026807264,81730.50467743613,10904.886838477849,46297.6848567906,26176.335743809264,20424.57165706761,11458.44080579703,12673.170741322529,4118.757906855917,2.7378580697192376,1.9095816240866887,3.382885563438931,2.513312772586088,2.4130862491400067,2.433639900339686,1.9676011058366536,2.20730628083634,2.92325135541641
2.174237574906822,0.6193069306274501,6.633657233385189,1.97866396072659,0.18844452231728345,1.2185674381050648,0.9387002013495565,0.4337320972039748,1.77422942383404,24782975.64918086,5466590.793829866,4636345.394647774,3469567.4700942785,4759258.037337311,2442996.721326138,1123456.7231635787,4552879.488976523,433481.1127047795,49355702,74265836,14289220,11385076,69658572,5915462,5102021,60041151,4357350,97683.83526259846,49803.87559560665,19492.63729779967,52819.08138763414,11758.98206353465,32267.054479573595,5269.148201866777,14149.142579646697,2828.561565948493,2.7968141690332278,2.627992373165472,3.2079553664829215,2.411832301219562,2.7364567778148126,2.271852323199097,2.4151295465121607,1.998657077317211,2.573277620728978
4.82650329324114,2.829773719205655,2.0610618920703248,1.5217532565774503,0.9176772148193371,0.6967931597363998,1.2674725271100626,0.4560036675224961,0.4371414298499393,37648661.03452199,6886982.357130285,4442795.034365823,9598106.144410457,4502490.138787197,4433763.0069807,1718910.26359671,4276830.021761631,482686.0106058874,92279507,66451653,12792551,23919960,61786055,8813755,5504207,59051147,4742643,313569.93982378877,50350.81440511493,16977.204311017485,61949.72009782991,6374.987250427746,36605.587649078654,8654.670187988828,6808.135232913299,2048.9828533400228,2.8429567835682317,2.6151616308889816,2.995508323963286,2.9195928295217355,2.8236694630569295,2.426589093208705,2.0524838173387883,2.584845706110405,3.1660712461416596
6.625432495434694,0.8181078618727876,2.766664341889839,1.8705846951130083,0.27963363290636145,2.8250251265805306,1.9723654993857034,0.44270602433231404,1.6185109737014565,29456746.63948064,14849610.086183589,2456450.959610919,15738913.380001027,6065319.0414697705,4635350.805231666,1547336.6857229932,5966095.4651792385,731619.1109121997,80057805,74639923,13351466,30511549,69637088,8084690,4786946,62460556,5925798,155707.68423712824,36108.30555892644,18241.605191874525,72667.61559568951,8773.87066024872,24690.120253082187,11926.532293284568,9415.327534998407,6869.970819376216,3.0739875965249777,2.7536784900351803,3.03786944251455,2.7314481075994896,2.8990010386371687,2.4868793709693002,1.9623455871281754,2.5383503626964106,2.7972937823188593
2.994194387860656,0.47221266267931555,2.4904388399644963,0.626874927290244,0.3632738746826208,0.7182141181165356,1.2565412639850078,0.4054708968927634,0.45058295729429354,23204997.158059523,10770736.158678167,1728916.3283316884,5294904.583491875,6135595.8055774,3840728.0293686977,1199457.1295889465,4578998.770284621,457923.02872394375,53436141,72620828,8899976,14558253,69080048,7095341,4256724,61766764,4662665,98389.42988891524,44252.20382418007,12435.918778335865,41535.32187072963,5026.608623822077,38693.9943582277,10099.235519378932,8652.3796687928,4812.069947979696,2.9698400931659026,2.514564298203251,3.1493723345777402,2.7280877662961913,2.9377591508084038,2.180579043279774,1.9140245753642273,2.372082607608305,2.9279966637449277
1.4862389180506532,0.8160950245935609,2.933590638262881,1.9281085198603745,0.6655053244409347,0.5043291942433186,1.1369815896365811,0.49115858792814865,1.2609829357651805,15567366.469406184,4158098.842828693,3493660.002889386,4093377.29068836,4191837.3978565913,2551655.0560407024,1889802.1666239663,4641678.058271663,423431.5181136467,28586807,66045393,8814173,11213682,65669217,5227502,5880074,62456043,3575114,57641.37218984968,11920.82198871151,16219.846770756878,28356.945841101515,10672.419645018177,20156.75400028473,9984.543783957528,3579.2474657323046,1949.6884765625,2.469577663162271,2.8720847878340368,2.9456310420039964,2.6689183482963417,2.6118712388854926,2.511017819581562,2.0970163910533515,3.0133664722730336,3.178183727418433
3.6915841363843365,0.23115353071561986,2.1176470501992046,0.866736644821568,0.40047258322572177,0.8031931720442133,0.3912664347807531,0.2960294353599167,1.2372010809135334,10996379.570001025,2801437.4405166875,1753998.0953002227,1267189.93448969,3874912.0197473327,1381553.995799708,829575.4179142367,4507115.290701594,193697.17626415633,29255685,62613321,5296924,4442424,63410755,2168475,4701850,62936208,1152302,65417.957970387135,7265.491338761535,12015.190193824263,12977.931616590748,2276.49026652422,10088.098116065255,4973.621430201351,1274.8948237477061,1172.7520909276072,2.9069082204958168,2.67053296013749,2.6936715486374583,2.8046794749058925,2.863780645143316,2.453863023848225,2.2458308648979983,2.411305282951153,2.8699623410458903
1.4178784187211253,0.16686527421327602,2.535000190955741,1.4283046619948343,0.1576143859113456,0.8004099193860709,0.4030143426672103,0.41495687980230783,3.287820962430457,1802988.0219438942,4661362.2875342015,2812611.4342485773,770455.4718192255,3639595.0267223674,743471.9267664393,796416.4080801334,4378295.734312271,203665.24691929133,10740158,64225612,7198492,4029669,61830323,1817869,1055698,67167714,1153367,6166.454662429938,3786.049020509181,7640.540136916595,6539.78912082606,3636.816284173704,5198.04699244203,5088.358327217955,4403.002188463097,4864.212813775026,3.1538405187509913,3.119994597707275,2.9583261553171813,2.954546626951268,2.828253259140051,2.5254776880581185,2.2168692618091264,2.7889547007870448,2.758342944127505
0.5368172297991395,0.2234388798609204,0.9700010715944035,0.5438876951334833,0.32386527006183186,3.346327493715319,0.4234829376744074,0.2674383256952707,0.3775646304006748,744477.551835123,4106171.4615001176,495603.3098753163,719928.2065116903,3668925.790337725,615068.1011226117,284584.4459401825,4052004.4249326894,274970.62937628315,20059623,48665656,3150695,6081857,56620358,949909,1073262,61246654,1286052,10371.785006917944,3818.910571573943,6893.760613039614,4417.670741388399,2178.859264835616,6492.111090210599,4303.460526128755,2133.616069271335,2878.6962613935666,1.7204231438205886,2.4488995570206127,2.2171608796484517,2.486043944286032,2.269700691348333,2.0004796840399375,2.2527829730891575,2.0390957293204592,2.4264179259763177
0.4596780087608993,0.24213199174674152,0.6363232679475356,0.2734218384563654,0.20184747726847244,0.5689659716925645,0.5011929788670346,0.32699025673908416,0.11561165686645349,2629782.196353096,2853246.7935300535,500683.6238364016,1145715.1163998179,4449169.045488395,247444.31850687688,412447.05276698223,4441592.729923675,593917.0482888219,20084402,48261614,3717958,26179843,31921167,2742323,14105049,47277796,11335529,11115.771565937084,6114.7170452229975,1810.5443379421283,3329.909692041419,14229.66796786795,7268.752958124058,9106.526436445192,10166.546195641622,19064.141408775216,1.8616979607493367,1.7107955353611093,2.404311124889461,2.1420254947584585,1.6124885525541661,1.62079804729729,1.3835744268968917,1.921022795404036,1.5490812021364342
1.5984918505455252,0.20149245168727117,1.621369797926591,0.17669277032369887,0.21475745573858837,0.2916598671366311,0.20842818119551362,0.20139452547497821,0.19075419035448304,824226.5871445523,4506057.550046164,197014.812424732,2491060.6323962603,1143515.7971315077,325512.49263864005,1098447.5191821777,2253114.8217720026,847620.8974400135,3815672,65591910,1626844,38465210,15755064,3085503,16500845,35199529,13251885,3412.3714738202634,2829.893151945362,1041.1670942061185,1812.1846419312287,589.7053951724644,1396.5955900671336,22.03873573289809,20.6438020498805,49.356168165833644,2.441482238613157,2.215231263417074,2.6704149116243467,2.0373626061249,2.153914839895531,1.7988836625050098,3.01998661152269,2.879560451513292,3.0061292777771738
0.1875425632742224,0.2105739582241991,0.31290661088924965,0.18993019559767055,0.21108021894694828,0.7145203427422134,0.1970875862019812,0.19309521711590058,0.1693881224614793,181215.93476181763,4251611.080342682,143909.47956780315,2562393.8490079497,990392.2190264744,205678.32917012344,1035104.6610695804,2331179.455175841,900944.680962477,2760008,64887722,2176861,39657577,15333644,2254702,15943683,35890071,13533147,47.64774075545991,52.08464116591656,206.92344098378686,68.22134601680611,37.20881973358411,488.88352384250254,14.37288596267975,10.809131317814924,41.977494312271396,2.8546854440982967,2.954434740865106,2.7344089117450396,2.6793658691627633,2.695718348383207,2.0340320909762077,3.032658595439509,3.0296111598980264,3.0695899662171495
0.27268183114777467,0.20369089024584722,0.22251397521254243,0.18095288343940025,0.23360872155174586,1.6174708148393235,0.1923695613723823,0.20093891653998014,0.1927158109733336,192615.30158944067,4220294.50503161,176432.7720758077,2631858.1046346645,1022386.7540123502,210593.73046343174,1042596.0651498629,2339712.490338532,882855.1532991788,2850368,64761697,2390346,40115413,15401494,2087904,15790924,35631742,13803770,56.04035280203844,37.71041782218818,324.6586143744384,171.32848250795345,71.36021582144441,1383.2888522406993,5.962260202409686,10.707052896438896,67.65330581615531,2.8881633170984804,2.8483174820671824,2.0858113064817756,2.3036048343609408,2.5579271645122263,2.0255803237615564,3.138700898911353,3.096072231072653,2.8130549862262217
0.21273699273851884,0.19809274058761492,0.3583556093490133,0.20754042706553918,0.18572472454095568,0.5741172915525481,0.2067829959072442,0.2004526523503777,0.21046058217488978,181535.13170188185,4177884.251182102,182649.68855527532,2657593.278460891,995339.0225401009,146526.28133592225,1041173.3792475279,2322443.624712161,897144.1400138836,2758234,64107740,2570171,40204978,15323996,1658769,15916681,35821993,13441860,23.492791892854584,10.112778597464999,185.82054831189225,157.78403705330066,31.315776571682022,890.2174602784446,11.552797468361312,15.565031873507438,42.78947446821024,3.0449982438876795,3.14386079075125,2.311783008176382,2.1972112144591613,2.7377115481872254,1.5509213803201978,3.0905173094827054,3.0546050322368936,2.871083582755971
0.1799977852180593,0.2016063757568983,0.2917174753350991,0.21709412070805612,0.2076849708438212,1.0346665364383951,0.19525159216777824,0.1977727736338513,0.20980029526283717,185445.40614369142,4194107.4101333357,174694.3197545532,2666372.300900927,1001959.1298989126,185284.23258559237,1016192.392221611,2353199.0033507757,876288.8421819679,2800675,64298589,2809956,40575927,15313517,1666632,15735102,35789384,13787212,29.708782761469337,23.91067486203888,475.9024223557569,450.9644839980448,43.74844806026189,2910.9285014514758,18.08747961412845,9.881908375137566,32.32875985352498,2.8389409170214837,3.0491372259817977,1.6697048610446092,2.0708254571984868,2.7973431321071844,1.5166451197949524,3.006806884580858,3.05593412196002,3.0491308881405046
0.3203110589921857,0.19569747185784803,0.39451493884127775,0.18981856441498265,0.22152481006045824,2.88944526513707,0.19387199260433,0.20060340882338895,0.2160232890259637,214114.67131090886,4173867.698054388,202789.60803112647,2554480.8024508297,1046299.3892455269,492171.32718956954,1030327.2287531624,2356028.328238308,891843.8084363301,2827842,63777159,2964206,40401946,15322405,1921081,15647911,35561094,13989591,191.00603246760255,42.295347480851724,1251.6527887136851,1415.965367232576,271.0447587819452,7526.848287719722,21.57013915740687,15.873210322035133,184.77300381430715,2.5942640446090053,2.754897918428611,1.46832569031363,0.9922077948022248,1.7452731670214843,0.6578322730831359,2.9043491290995314,2.961136121567454,2.393860996765986
0.34615597100306006,0.18488113592817937,0.6753687907421816,0.20147011579287316,0.23553219807848957,5.062648958773542,0.20520101312827582,0.19886245890461865,0.24399492470290757,203024.43183315228,4109807.360322273,293402.56698984565,2683205.66690274,1055197.9771190775,746655.3537206359,1012669.6408913237,2305129.9661759534,970625.3642081148,2965832,63779463,3057176,40397583,15336036,2099909,15564820,35522029,14126386,66.11448787833422,84.86335207632939,979.2963042521726,1262.7284400227454,215.5676523373179,5776.867313479255,41.64296873120681,13.640636041350131,318.85025912062724,2.8015472924245417,2.7353643926277975,1.5416953301416125,1.7777055054761677,2.289711465951049,1.3471857921646069,2.4950397614962974,3.0033073029670314,1.8102748135530375
0.2458381628179586,0.20213806650171792,0.44245627899360945,0.23027619504581545,0.18337703697675298,1.3843437325684609,0.19160127728298598,0.1961665629138104,0.22455452498020226,193983.4563282632,4193162.1406681663,228386.4516612925,2702443.340352975,985461.7291527988,208698.13427557235,1004536.0864799104,2333911.69097253,913285.065930998,2859226,63561534,3136596,40888453,15164324,1403747,15441328,35532758,14084425,63.49438911030102,14.49384600418815,420.4061654931424,440.39600190097104,36.699541493532045,2080.491359432901,9.31354641785129,8.613060631398977,33.19127334031371,2.586059299867668,3.011308335920272,1.5088214830295876,1.1003236194638584,2.732328604632255,0.7226662735800347,3.0223696146242456,3.0349980229381313,2.9350224136885115
0.16102911202964437,0.20297586277443397,0.2567445605034524,0.21585528641499815,0.19333646377512545,0.25811100193016684,0.2051358441973538,0.1960863487868739,0.20929290987526805,180796.56971962503,4169816.6972736446,211066.0334135035,2694442.7346803118,1001941.0028117403,99113.41171135679,1025520.3497350359,2319467.291551883,899665.7841666113,2908378,63733377,3117766,40745584,15165619,1248226,15460299,35703371,13972986,23.011489650158218,14.609901363895117,49.17411454175328,47.59320527936706,4.636374910212418,330.4850448709728,8.627651994131561,17.19418798637201,22.596374371785807,2.839497129768709,3.0343973733475984,2.7900879776805922,2.683124322178708,3.0177115440956452,2.4335926523216163,3.0199434349502954,2.8727320002737775,2.9746490423714222
0.26907205541676116,0.19800629027416716,0.26756037591572907,0.20119051085018452,0.20754723716757764,2.7128724262458968,0.20178315833891408,0.20178491559787312,0.18843745856168487,179024.9928342856,4161244.3120384337,241419.52957184694,2778986.4843682465,984747.1697990505,195004.47524276422,1045351.6625025453,2303345.8661265387,945897.4994004618,2872392,63579654,3327236,41160625,15045671,1210585,15553196,35346977,14368246,32.50519786272047,9.641811418938214,111.83800703926553,189.1378599965771,15.109978253317903,891.3230836830552,8.815206087656636,12.281310600425593,20.1411526078387,2.802440482322023,3.107395444937122,2.6465869528189314,2.217955077713275,2.8437078997158003,1.9982486809118587,3.137511538802168,2.9755231866548852,2.9747836657591193
0.21282814758291294,0.20083415851431446,0.1815453532417882,0.21188955493514378,0.189232373755594,0.5297014267922211,0.20785218369786343,0.19456834159188371,0.20875917852809425,187720.45049788384,4113427.9627792705,234613.46788018517,2713415.401411179,994202.1513576623,104729.41164972974,1002523.1478551035,2311094.608060344,930280.611362096,2540338,64009623,2866961,41024713,14475590,1500709,15787919,36162228,13442558,97.12702451443712,34.125933792384274,136.90552268256948,56.170136724319136,143.7296179285484,367.59264810140024,51.59330424756986,23.699740533630518,51.00040550358486,2.7481358624500323,2.958590256011989,2.720755117633136,2.8281184209199948,2.362451677293273,2.2964540374802116,2.653185492448589,2.9216149352640803,2.8118891196081597
0.20942932936204744,0.20242651914473686,0.20841551223989813,0.1921763123264628,0.2176388352241624,0.3752876335857225,0.19271377994348282,0.1962334716334586,0.22523201271065116,134159.28664201702,4272048.331139089,185287.40074421844,2795013.745229273,887712.1169382335,96084.02260930986,1043827.477346909,2526776.782581339,754695.8720407408,2044873,64990733,2660771,41636281,14071032,1322027,14711642,40696548,9806265,13.043320918880736,29.310345804178038,42.00829133880996,42.038547833121626,23.03700760256846,124.03635901601055,37.06593066040571,48.317155899165186,132.46300390532207,3.0148448432266943,2.938654722390382,2.800594535807261,2.746903938402569,2.92064133341881,2.2831169482922897,2.6700383150267992,2.565701587919741,2.9216125646147937
0.2152270104751187,0.19461093294241338,0.21450556094802106,0.19972318757199264,0.19708186092756005,0.34221617509111374,0.20156614855401586,0.19870446637852734,0.20803551529948944,129818.8488941734,4237302.675753816,193797.97061580702,2741436.4541973826,929256.6393618217,71351.3973801367,960003.7411481806,2701558.3438801635,608448.8282759069,1992187,64820335,2937851,41663218,14138553,1105664,14596110,41123101,9631283,8.288916006974834,18.10606240833979,30.43853634896605,13.811763552005733,15.77586346856181,31.9605039432414,5.863472995401416,14.464820677967579,23.86176706670563,3.2786256935585785,2.834378452903569,3.0261202642877136,2.7669068961188628,2.9646590095447505,2.9816147968878983,3.1427761341015543,2.980731819555591,2.9268827716456114
0.2115108289857508,0.20030666236070965,0.18518069921386682,0.2002947329738902,0.2111952299551233,0.2409942930728288,0.19528168921398084,0.20173909244897267,0.18789971141617806,129252.94064789198,4265978.585492381,184286.91437043415,2695533.141040509,929096.6239732378,83371.19254961898,943107.0425990557,2652458.489156401,649575.6527117178,1968350,64891899,2853041,41546920,14071204,1171182,14570009,40634174,10019807,19.0012720441905,13.357639927148417,39.635817746447835,12.261047056304832,7.5447518523071455,45.3293274483857,18.79453793239305,10.256297646325757,27.406954361649323,2.963469469475128,2.875599342019525,2.843108866557234,3.1081365093380264,3.0898220518615043,2.7807759278059816,2.8279313447318453,3.0452940418490004,2.978657985057045
0.174874830853187,0.19991078568713433,0.23179924725850093,0.2051356845864399,0.20813353811387914,0.19936595798651308,0.21775627398737968,0.20040857367386725,0.21512043591207264,125400.2709317504,4245182.432032286,180415.4460102871,2742084.3772094524,922441.4780913527,87748.0579031668,950222.8789736426,2667077.6112413513,658950.7248856099,1931624,64910442,2895826,41771182,14152989,1119964,14242361,40749738,10231834,15.574856446851495,39.04597284693541,23.45477558911447,34.99243608127014,16.206117819203918,67.95240653829971,45.51705592498415,12.865893916616931,52.64737748088333,3.088588456593526,2.894927422924919,3.109697293779436,3.0088801302777126,3.056035792550226,3.078361952461427,2.5864735993459576,2.9900641194473208,2.7894433686286497
0.16386111952452426,0.19684813247331523,0.36352469802254816,0.23432201393765295,0.19439073864611223,0.6020074989762665,0.2010111051163388,0.2152744735323558,0.2523926627661256,119018.14780937819,4271225.759418943,217779.42198933486,2784423.706751878,946432.9179615986,106986.16282459747,914400.3753867527,2726572.023117535,745090.7912706306,1750064,64976218,3130201,41577022,14736224,752475,12888111,42616544,9911063,12.339180115536907,14.994901583816056,112.1162711565566,68.17729124011335,39.87603015138197,422.8056155425218,44.82318969585182,29.327533846942256,84.27335402790168,3.097122180688224,3.1529376344052267,2.5802695072341564,2.6813677710766086,2.7630270372302,1.934424120729211,2.5778732871414407,2.8921561791465136,2.642955245074068
0.20626123955536182,0.19728974193632362,0.32450426555136,0.20714903737907914,0.1857144541669681,0.5300796467290717,0.20658804177552303,0.19510663222010133,0.2168899422918159,113328.61676276546,4214880.609221193,209911.08800571563,2653598.997765229,987362.3574064476,107768.78925325468,820920.0311402862,2826508.2752968376,640419.7874753921,1760424,64468869,3257126,41510740,14824954,732377,12654682,43109784,9683699,19.61699663140006,15.59738046556817,76.02342546640367,106.85970379435707,39.654796273131524,536.2317890618826,11.78956416347383,22.884290514619828,25.231636796533536,2.8908371116521403,3.088904911434791,2.754307609156175,2.2780147638372403,2.4358968942933408,1.9053914354154713,2.9861854001766726,2.8884282930616347,3.1041315955636835
0.1992818460145428,0.19319976232383798,0.17489726614488033,0.18534314176309594,0.20337642565411435,0.7683194737955298,0.20519244141749646,0.2004900089432236,0.20549639747293888,114346.3887292938,4194076.050754572,220002.0770730207,2725318.7080779057,959775.2926055373,77082.39164855731,866483.7387820533,2813032.7304186206,641650.2991125687,1802584,64599375,3217716,41886007,14467747,855586,13571125,42296507,9861718,19.190818515088353,17.678462516893262,36.553248072931005,18.46632933399143,13.581446504539356,157.13053124997347,13.721561409929176,9.34024045111577,48.26792133072044,2.8184333184757433,3.0380515863971946,3.04097745704248,2.806998876710674,2.8620260648292337,2.387284390090401,2.996161078071999,3.0781281245131247,2.900767368442395
0.1545081171974061,0.20005870863290484,0.21847876779926428,0.2093412605839133,0.1974409103680796,0.19277029667430282,0.1931473957324538,0.19563298356884293,0.17927327869035095,115446.30624972313,4208762.603977807,214854.59335028502,2705776.598742585,921101.135408014,61358.290867731455,921254.6467898211,2719398.801589537,700914.7368339273,1761827,64559553,3163656,41854423,14201968,879455,14007386,41471323,10151247,11.764670974603758,7.060808353915691,28.656358595264994,22.79986697486898,10.848302678653313,88.22222946937067,9.105532767438568,28.40175630608477,56.70324939635246,3.2600729693961177,3.1190013082565393,3.0175750923670535,2.8192107952830865,3.113696263712039,2.5125115660509136,2.9453519470663148,2.9092556658270055,3.080540337300775
0.195675994976533,0.1972725367013289,0.1894887113581071,0.19711828021654143,0.20985873452735546,0.3581820744254078,0.18871304507080988,0.20140604053372177,0.20584773096352552,119462.35550535884,4235489.078747022,205070.6803258688,2747234.8925864934,915662.6849078031,57937.76505200622,930021.4334332736,2722757.389944784,667797.1443744979,1800064,64530548,3242666,42062293,14204776,895279,14069665,41513860,9888385,9.43856925370514,11.248751615261904,23.94962696870073,16.799909666927423,11.878572084310274,33.36044714875476,24.870633875031608,7.884125579525678,19.878828899976146,3.167409254063071,2.995940538342247,2.7684662382604026,2.8711556741807476,3.0546912726360738,2.9303797076015394,2.9509890880413403,3.099367550900067,3.129002407934614
0.24723753434130954,0.19894418808832848,0.20760632788640354,0.19575902781188892,0.20488077053561146,0.309283410646285,0.18878632212824262,0.1961342334156189,0.2077975592065635,117252.83955132299,4204955.137820273,208763.06178607588,2741699.304376886,935938.1522816108,58683.469752805904,908814.5402741453,2685837.1008982584,659607.8989392626,1744744,64496975,3197686,42194584,14239472,831280,14058667,41155569,10159813,10.105276838876112,10.123086399564711,13.667501863349745,13.76177621033896,12.191467909944716,42.336753269353565,14.80712890625,14.982647617797593,26.311987526900097,2.979488464206181,3.049780871369612,2.8645208970152063,2.9750565224631056,2.821846215708116,2.7715247423766924,3.148261620065737,3.0643183305746584,3.1349404337868365
0.22291667039378393,0.2047476381182553,0.17293109290097475,0.20818187278806993,0.1931004321168885,0.28511670967720176,0.1971261189166759,0.19510420348032315,0.2068891390029222,115692.00030969593,4236340.824095011,215457.99397700257,2768624.6906098966,915818.6256007843,60420.54750393391,921534.6966229347,2696454.2040823717,659485.4950037881,1792904,64620235,3194591,42035311,14256326,860641,13892024,41984412,9643398,17.0982218736333,21.175506868680092,49.57673602830562,16.35182166100641,17.66777174857696,66.38413503438443,34.66704863789613,51.07835245647622,93.31349255109552,3.1660679962019627,2.9552663912306505,2.63006247197183,2.9452637531039443,2.9717720967301138,2.4260536054371333,3.067481541659197,2.857758356842285,3.102865879586793
0.17959620828782677,0.19962269152889356,0.2007058000128986,0.20550673169707104,0.19474667211432697,0.2823848846459362,0.23697085937584367,0.20338133347056175,0.21318976493980457,115224.97869206127,4232448.191310171,220437.63249523143,2770394.8015312473,939685.2955740646,62554.70965004826,906118.9708407011,2812260.0044198027,637157.6708155388,1730544,64570770,3183261,41912635,14291438,791313,12935005,43343191,9395276,10.278792382415924,20.048048149037616,33.809675670952096,21.67943488661188,9.851270788951265,98.32757239731924,143.74182280103307,36.08335281636376,131.4384765625,3.1689907861782403,3.0886736033803377,2.9723047545119994,3.0046346934851313,3.104010132520617,2.402241404352986,3.0411832367298772,3.1018459737933837,3.013231843518785
0.17433365169800155,0.1942791638586705,0.27576327019395974,0.19651625951839533,0.22175278606167542,0.3906011162305954,0.24122852671329864,0.20543784441570684,0.24229305441400525,113846.30726554451,4199389.573084735,204486.99035224007,2742151.5324831735,958712.0452034577,80856.20591329392,858863.6743149183,2884148.7606812846,647480.4602784356,1805784,64477026,3125841,41796043,14597835,801125,12384079,45262443,8028120,22.256233523079803,20.861759147021136,28.339871827059888,42.12258620920906,48.07702924153949,226.71215216594177,381.05917114358203,151.8641037511975,486.2894030769879,2.9240373249388307,2.968393938390164,3.1133074637675353,2.8411621759763666,2.7375864752667445,2.010934251032677,2.91124028543512,2.9244673465724107,3.213412646116307
0.22790620026202024,0.19972937092727033,0.273245742655718,0.2029107735436585,0.19543556505386117,0.6866958286955595,0.18858247347790522,0.2372415327001971,0.6036278626747709,121633.71923052266,4240090.734205492,210518.61351962172,2709187.2592776683,984896.8142189824,61968.11205292906,813019.5862406204,3034245.9958472615,670527.4885876861,1825624,64624591,3055696,41422417,15088273,638992,11850207,46057798,11055344,10.847352837662267,9.97611773448095,52.44978460180347,55.693107356039214,7.535047434418345,541.9754416897666,1208.199852998026,585.4630853567745,2467.090490324255,3.064521630408632,2.980359181061103,2.6398831691516813,2.3348564641161937,3.0564107806045255,1.1258645595909702,3.04971113299617,3.1497625267055076,3.129217564353763
0.20016375410511406,0.19860316104631823,0.24471009443957312,0.20641699344016612,0.20315223380839,1.0060691990652213,0.20634402628862197,0.20239292406326057,0.22314527514781987,119012.33355347026,4231787.331973762,225016.27564383857,2695611.5293687275,997070.0054956535,74932.24049871732,763410.9934379305,2959954.463581551,598534.2566276679,1774704,64557934,3142296,41413729,15044292,731854,11809716,44902968,9087981,15.577085979991452,7.40679485728946,137.79491936183553,128.71442479510483,78.40612683034057,917.3878608664808,15.219935014393954,40.80975131109664,136.07335114874434,3.027048312057769,3.212572585704552,2.568675462150144,2.074508654923748,2.5303256156666576,1.714104281512677,3.190811242951182,3.154579659377939,3.1607228647979317
0.28662692764987985,0.19965401425501228,0.2090950723156166,0.18492728842175726,0.2471119304759939,3.1102913262811787,0.1832241699695354,0.19278069826501942,0.19157096801224704,120650.54227733452,4247182.926915912,236642.8443360737,2747920.3576214584,987772.7867936336,114666.4368977364,754509.5791529585,2971318.334916838,581415.5740227534,1800147,64631798,3129326,41352040,14858669,783657,11732144,45069521,8804063,26.39880992399365,14.120442977668457,92.10308462140188,132.25559402558832,86.71920184511924,721.8042266863653,21.501149432764702,14.484679389354444,112.95191895506467,2.8969237927162896,3.058827156418399,2.480512315670587,2.2550998004384666,2.1768114584366374,1.5197715439575203,2.848922474306533,3.071801344449563,2.5621674129010508
0.4418313574502206,0.29196516820569496,8.148674871108636,9.874518709263077,0.257153682270188,16.750290272605575,0.9586843995845398,0.3405842770226479,2.092805271884804,711695.1884230843,5687272.008444323,3167273.599796257,4651504.629273924,5402205.003804155,3467497.2291874387,1003411.9041643549,4889626.72676419,926762.2922977782,15514151,68394541,7185389,10771530,69106370,6821201,6356254,62124612,5542378,22683.48095703125,7936.788722240162,14801.668056082875,39114.72264740471,10781.436896542335,26070.3183295136,8611.261240436885,6917.440059709599,7000.13632351621,3.099307756642398,3.1056464499579466,2.7787742003521325,2.5803071700893945,2.7689929255292167,2.304578136755694,2.4333195324553536,2.757935444183918,2.603898644648992
1.2302783903110415,0.2849586290564033,4.225164722483859,13.649169112394212,0.1920554522501399,18.165132016988228,1.8551302403152803,0.17128881519347494,1.0814015599441695,559973.29975161,4159522.5399276484,501239.83600965666,1475398.9698016993,4048293.0979785547,742517.2668319766,1407504.1307354635,3698836.331583963,312817.72299704724,3609344,66188880,1733939,2794570,62054027,1517499,5142991,58717241,3748367,2669.8758948654963,986.6896062253309,5568.776254363515,13610.482037767968,430.63507666161775,7985.572867676786,4816.905556512253,2014.9065460298407,1749.8560835241124,2.9375728202948332,2.745259481256701,2.404514476568054,2.254721490911429,2.6596008648016314,2.256921310776267,2.295689339906793,2.5149122763143748,2.79780380845429
4.0507330034513895,0.3485192360528157,3.2866800337445645,5.195857573505733,0.2787848696412283,15.433820710326668,8.539414882987753,0.4327705197119308,1.361806368758998,1395270.4825437767,5396477.133651572,434440.18304637866,4302946.869431549,4723330.404490486,2986504.1658077054,1951816.270056606,5312841.699546149,773568.3717720944,9215633,70402147,3417962,9277875,65994138,6088061,5482383,66698010,3900694,13953.820290772663,7423.300573855978,6600.703462003636,33233.528667706545,11133.424789238727,26224.030675360616,12671.946093316172,15823.234155435872,5608.315932632423,3.044493712159535,2.8034490179598723,3.0474649875336777,2.5907257733464037,2.6036257170977493,2.3539992492927113,2.301155972308857,2.459334388935697,2.7781368401307605
1.925859361359842,0.9299265023009434,5.004920040086618,4.882521100237071,0.5403573100720447,9.21913676881583,2.5866257131542607,0.5245147110983275,1.7591150727821432,1270040.1893214844,7097464.3865933195,2665302.8379555456,7186738.1945982035,5174589.352435478,8234077.111762734,4426975.112334093,5508314.874083084,1580400.0223120754,24517594,79360922,8308710,16303973,71955971,15316482,9348924,67594195,5751694,38270.32455683383,25598.52365161582,23694.764506231655,64574.14866241148,23959.242762937254,48862.198815691765,26849.62134481266,14541.38240603222,11307.792946663689,3.1535389152535074,3.128485433544687,2.687541506095867,2.2796350847399305,2.534580681571243,2.1522308979377103,2.2367985730821447,2.692474027907909,2.540984866686806
8.751652783251217,0.38364292602005423,5.531189134879411,19.205912659844344,0.2927717230695606,51.218817376397624,14.220089692405463,1.1863197490171526,7.461026123198345,1285309.580492588,4536018.249096574,754940.6447380496,4176200.856687398,3973489.2455723765,1810975.659205326,5386559.509161248,5925227.032027563,1069698.7563334343,9890736,67581183,3865790,8928197,62236486,4283441,9568988,66102948,3209737,14053.112425675472,7304.6353518337555,5329.5272514209655,33019.43426383906,2828.0962919327408,11652.851823157036,38100.042757363924,26285.75197624568,7376.917573029471,3.051776852195271,2.5194493918293075,2.879590599469019,2.613756118288542,2.824291888726769,2.3674957479979555,1.7941798532431983,2.1468584859267246,2.582051232440426
1.9140190850934267,0.2023731994859039,2.9448647529311653,2.2976166529299853,0.3167599788654495,3.102762762992259,5.50451136166442,0.4439347163003583,2.4964973805635067,867045.4418244078,4447924.746619918,464866.5495151608,1870472.2670829403,4630416.182463873,538229.6894440219,2419516.6409178395,5050171.636188841,624855.9250532595,4946953,64588534,2169496,3343632,63720201,1184178,5871333,62297122,3031249,5287.727463040925,1032.789785071787,3177.252824864013,12927.806338693494,1425.5945212724332,4990.143399603773,19090.927322767253,7279.377113936983,3316.2421787545236,2.7504034659670182,2.7939801301926552,2.4101703920744724,2.307451085376943,2.41557029742441,2.34226636363228,1.7251455856864668,2.1719585064047844,2.764909823155022
1.2126186922557622,0.22041187390714065,1.3406450924149858,1.4047351284768144,0.1929147680905466,2.6851164426504344,0.48476339598794216,0.2573210336274368,0.36168912131384817,835618.1100228352,4280826.05736327,804056.6915459589,1394679.0627131253,4112189.375785696,585312.5101780138,625437.1557151146,4169593.5213418314,196643.49317134963,6761418,64429546,3385249,3302698,62800669,1380183,3771268,60808611,3377118,6492.10737400764,889.5697337326388,6108.556585603381,22223.19293887551,1223.0414370152478,6535.102615206575,4357.077130227773,2975.4907071041744,1916.6821145353524,3.0780337237340447,3.01974360386825,2.6814662021911904,2.0661176517279487,2.8640455743485567,2.1909024773529464,2.4028200097831256,2.7215571739292552,2.7146496693598205
1.9718816578741045,0.24498034574151908,1.79906283961071,3.6926771981828375,0.2643666046646535,22.616929050691628,4.7409373930365435,0.46214684254867083,2.6696317243709893,833398.5145985422,4660047.910812159,821476.097306524,4219420.04013422,4194711.2974843485,2168256.323362675,2210150.3429050734,5159335.571392636,454355.63925289665,9133919,66303319,3792155,8818354,67358698,5619855,7235296,65271910,3124923,9607.889142779146,6992.786730352439,6276.236898770974,29133.460708603714,6937.654430821022,18113.093143479764,14588.782654799656,9800.198245263133,4915.159862931752,3.065726128124169,2.5099067075478065,2.800028117752319,2.35334132165121,2.6472601367268833,2.371604187110561,2.369822828668703,2.525876731801839,2.7330277230507187
3.956152882713185,0.1548702936609887,3.954796193330086,4.968123570191056,0.22383929400100924,7.422081716249671,2.764372049757837,0.721005975680894,2.329669839030665,1389292.4658295766,4208171.3957857005,492902.6438902927,4613622.558821566,3661326.670759799,1220904.3096380315,1021915.1172247229,4578120.156697979,670246.2728791101,6443327,64989830,3110076,10185481,62204896,2561050,4411134,67146012,2426244,10340.643497350735,1874.2247185362282,3879.3490015172597,37110.186231713065,2709.2567915087616,7350.418729122361,19024.685444058614,18233.451605067057,4918.731937523532,2.6476406686118166,2.757521747306584,3.051775596464544,2.3885614951169813,2.593334506284948,2.6951820612640933,1.6900413159081191,2.3718824981379796,2.648561355397103
4.619837424284295,0.6180286948836391,38.238835849671325,14.160612749777828,0.3067515175903338,144.85856799868574,11.657891468190137,0.5634250484527625,2.783849313224207,834030.816744808,6003526.424042173,3492633.984438867,8658420.67963945,4563456.215281233,6750125.994099864,12865247.835305274,4984519.81863939,718177.3629758654,13770254,72739582,9345049,22389439,68643845,13063235,20503474,66956718,5440574,39435.739295944964,25180.88922031534,22821.502072239797,46988.485429256114,19960.55878978184,97531.51481466631,97096.3118065346,20018.7127861936,4438.752208813889,2.964005966362603,2.848882376425242,2.866535083584572,2.534086866794035,2.439045753000034,2.0151764708983366,2.1325902381794677,2.666990190841723,3.235259885270113
2.5596556044565153,0.2504566157573279,2.731115771087871,5.774790104026946,0.334666001264541,25.357014796676463,5.959404624765598,0.8478191498488121,3.7380038430192855,1640009.5904360046,4575607.949905433,548313.2744782607,4807687.259429082,4982195.314151597,3159311.6268962254,3373202.8204377852,8021218.945790505,667133.6333939742,10733081,65951155,6387108,15731274,66506023,5983407,7473189,70851896,3953146,19144.278084226004,4573.170400465664,11277.464699916332,57233.59536112011,2415.241474457648,35045.260436162134,23479.70732362325,20020.9448110155,7043.631132457127,3.029524639027272,2.9939942990356156,2.822204516997633,2.5898611118213553,2.797414739412158,2.218996735233322,2.4775182851759885,2.35931801248611,2.5641031604599154
1.5337308742111806,0.6600854960184033,8.565364975967539,4.608902223225301,0.5418892751184827,57.25624505582477,1.7866750592630385,0.254390443330234,2.0913621874178587,2526538.5192591054,6491198.137253089,2194238.037925305,9976672.911231492,5540513.899037925,10379383.734393734,2563812.8336717812,4774224.876328456,611552.3399064608,71360699,91302946,14650475,37415149,73536931,22160562,6804179,64565364,5875015,94605.44321242074,51018.43029662455,17286.662477714268,133507.697003251,29305.36958291212,85043.65972614221,15433.57579251509,10562.019288210451,3752.0881244772527,2.973216195044682,3.0055395375399385,3.0682651002181487,2.723165461928158,2.592883454208473,2.2570208970004217,2.5272355961153163,2.7112919841076835,3.1191280040330467
1.5125805971362511,0.532081544437044,8.98636998093222,1.3153885833948513,0.269078262889248,40.26802107756965,1.7041039726348943,0.18219347967503824,6.304018450806375,2557047.8734793905,5913623.954534507,3285291.222413435,6891003.74226276,5070420.251420292,6193832.885330339,1967950.7884756094,4417223.776659492,1048419.6598454139,54601333,84214595,16392108,33222424,65256942,20852302,7392275,66039758,6775631,75931.13134765625,49525.872259499985,20657.840081083166,73638.10531046099,41391.58899435133,59607.52152736043,12980.776332739313,13337.718008983926,8493.927390296578,3.15480258220665,3.1384370102437917,3.153841423833344,2.6406258114870838,2.739084137823439,2.3813691028136095,2.4893032499466607,2.679937024405244,3.0099170595194735
0.776850578026193,0.17471814274879746,2.444598789911792,2.062650712559347,0.1889405490118715,3.9277478864823685,2.1618875693965127,0.29676075946981734,0.38173559944488855,827206.1195898184,4147863.121283291,415594.74012427416,1174383.045620227,4217470.88309774,614757.1862038173,373570.6946102367,4518085.922345507,226906.47038496778,6514180,61900840,2233921,2469519,62452475,1518749,2772241,61571504,3095671,2082.1769536095344,838.6437433604744,2894.5136674074083,8080.501726631575,902.3469028353161,3517.295491036893,1784.2584508727646,3729.793283408777,732.279252461669,2.659404754243126,2.698410452434306,2.421193314154099,2.244763469300306,2.614760579240919,2.6145989918355577,2.094178196891793,2.40374999078775,3.056789065875752
3.3213985649720628,0.2596514537252129,0.5788302059186068,43.67418294185282,0.25858270811236234,25.2164123296661,6.395562173929664,0.5838316291158332,3.68068180930463,956520.7630957554,4307155.442411389,300455.5684034238,4098086.8101409953,4311912.054415475,1472628.9998714754,1373180.128237081,5270529.817404349,966464.5156329749,5986531,64970476,2206990,6373851,64099143,2310740,4304542,64394615,3896064,9667.284845161537,1557.404391684323,1358.6816699907743,35552.59522529141,1826.1990324155547,9306.064125423669,11805.709035652842,7651.415973422494,5942.62251889144,2.4925052900475584,2.712630617369851,2.823185489057493,1.9728965233749465,2.666262448927651,2.3039744429323825,1.9136644339909321,2.4026771900340167,2.1658143780741863
2.4422203646471843,0.3164819624229462,4.999562611695831,16.020645003714993,0.2852610855263883,14.859356002618348,5.482885779224849,0.7659660725236598,6.621341003377773,1227622.3702838044,4606640.220412783,635846.1646478181,4270190.4050817005,4456975.266801323,1903647.97421807,1709119.109711185,6432797.27604964,1489345.2866807105,7132441,65305588,3175394,9359151,63798739,3783871,5542013,68641540,4402272,6398.755067655759,4354.82710421276,4813.355987874875,42805.193265776965,4272.307364671043,14564.937933283803,17537.21027377127,17833.490535974284,10660.790697133709,2.835207782766678,2.666627337979353,2.7600224147489643,2.261084387892638,2.635510795008277,2.2307330687044855,2.1096289060669413,2.1807350244589263,2.5181887851122413
1.5626265642536277,0.2973475189242914,5.70713623356191,9.830373587660402,0.32583838912351104,47.25059031871089,5.9684160944963445,0.5709762705233496,3.8568730211699704,1380996.7519331998,4798841.148371981,1071910.3280016775,4242018.307117433,4458573.8574315775,2589176.728606369,3662312.3939300305,5178559.18550715,1407570.039619342,19643684,66181273,4612497,14008154,69164291,6601120,9835622,65229189,5231651,19602.217722933703,12728.398056951039,10774.35633242731,43079.43692187243,8558.216258594062,25254.69259049626,30087.448774932695,14116.535556246177,10278.203635140317,3.219946882908238,2.9042883295658144,2.8737787978692833,2.4209999771411512,2.8193245192737226,2.362333302807257,1.9600544484824876,2.418720717461567,2.654168268532313
1.4699627359272205,0.2677755786333375,1.6767102816070125,5.435091352315148,0.3191280686078948,30.66821046867662,9.187317632517043,1.10888881547031,4.318905913002046,1234001.1032564903,3717076.6488042185,360116.97416371456,3610623.277663326,4149353.282575235,2742191.442806689,4542082.207150918,6363834.826195609,1314257.887091695,8555552,62421643,2781138,6362370,62428835,4557872,8802423,64740499,4302152,7412.986449376446,4586.542326925199,5927.352175705037,23490.767144925154,8903.320157693213,15646.4733759536,56881.10114801133,19762.319773826748,8462.919148682757,2.9884643126941848,2.7859506687577618,2.538229353893944,2.392885559419856,2.755066123537775,2.3974219576807227,1.7522269333773146,2.5705117782799762,2.5251767293993765
1.2988214330865444,0.2068317314378158,1.3347788838128596,7.365008192496146,0.2691695293407865,5.5471969095431195,1.5987099139206506,0.5392412933037777,6.4907551502462315,1786731.594699028,3736501.679018628,163806.1207712492,5249794.092811327,4376511.23620726,848221.8142008747,3107505.2003828716,7230537.343944639,832603.1649550912,8924561,60539085,2322940,8222235,63574957,2846473,7357027,66921859,3213241,12586.51129556297,1834.75656616559,2354.084179017036,30074.409629771893,5508.398718860065,6673.638355080126,10590.767913720852,9139.436207288687,4122.646961227145,2.688512057923737,3.0295764175791278,2.7193729831263016,2.393103778318544,2.479117054951569,2.602156857100555,2.50967046834157,2.485341182789635,2.756112989739941
2.7308313743924932,0.44178026151746086,1.6307112614281993,21.51483413469872,0.43735893610793025,51.241725090166526,22.703766403238227,0.9476594608890496,3.469697260992027,799575.1981158728,4819129.811045702,1280570.3086787767,2959162.3087964673,4771012.6593446955,3513099.3552314835,3962405.735758575,6159732.65604709,525489.1358343696,8561917,62449120,7524173,7737362,65862951,6918680,12332255,68186877,4559333,7015.349740551646,11327.05306477257,11840.73780063675,25783.782322786206,4979.873252389383,36009.58915640879,63602.20290664057,22479.622119098865,7966.173277694759,3.00897439330671,2.862510142897417,2.6212655892535173,2.654573301403225,2.8005446710253636,2.4109241859225117,2.066310085978801,2.4742587875221016,2.977516155699508
3.9587388879941616,1.4616607398742358,2.0318745371014058,55.24927415935296,0.890835807800253,31.745992887764185,7.182940625217699,0.8969288279171326,9.483931275807397,3580815.1829337087,10438557.516712438,4453869.790535073,7791722.465171723,6972165.97666265,12157715.266920056,4709477.244737981,8834838.172342455,1684297.326404726,29133443,83337840,18813570,16136108,79504109,18388944,9313203,75954151,4565179,61790.89111328125,54405.67201477514,43190.153286057044,65138.69381822682,59224.4190043039,145124.11402734788,31834.05394055405,27579.384465555988,12399.369251753002,2.819656318393372,2.7171579211637242,2.8485303258743833,2.2602993416633748,2.6150589284230037,1.8984456108302274,2.272481817531955,2.761713288663991,2.893214590812887
2.5435696009544158,0.4915595704033939,4.090503487332246,5.1491666286692865,0.42916348330475634,14.45534984474486,11.317696939272896,1.0064138284000352,4.334852706574438,1472187.5704920327,4486351.529583225,973581.8630443761,4415243.903364681,5054427.600338007,4556587.199646236,7376048.540607295,7094845.922723785,1384692.2687597447,17830042,64039142,13243062,8904428,66415881,9740526,11458610,69698956,4252130,21130.881312362566,6532.543099008565,26895.72230144527,32665.48177797561,9929.433588962725,34974.30197058899,45689.767998066796,31563.766796240823,8419.473255832225,3.0775424232005926,2.9188534271935787,2.992268017887395,2.54657029405985,2.7345198712726275,2.483123059238294,2.095703159591004,2.17701121664443,2.8825072056000867
8.426109904830739,0.3968321984959481,1.5900022930598818,1.377140745120393,0.19050310810097934,3.3206427043176836,1.832416746831618,0.2280834997114469,3.654725058840088,5040934.379300605,4576067.943018342,4849394.641414906,5644379.9305161685,3944404.287659992,3695152.6148914713,1361211.8055283222,3930496.4304960966,932888.9225527543,16790106,58823440,12968734,9742146,61805609,6390611,5974149,59601092,5914827,24230.238281942482,11824.359672431028,23381.054284720653,46806.14963358898,2316.085384085505,32784.123901322295,10237.342908782772,2307.957953395282,5062.446789519192,2.759067537689473,2.523511644629435,2.6760406471178415,2.3041746523374753,2.651745382963435,2.0346873242096635,2.1700969360551072,2.67748275581933,2.673813943392841
1.3878260421276596,0.585326019952614,7.763243766112625,7.354542956406576,0.5335007891820088,23.301291999905402,4.573231890796217,0.5562641409332236,1.507807382348627,901696.8216349557,6492314.3548823185,4301786.570742355,8813413.785602763,5293240.758814044,4842704.699996358,1739419.9510219325,5329340.207822066,420567.4182993607,21816887,67897210,11243386,25996812,72367634,13620103,6227838,66366884,3993506,25753.001742909386,28007.89353641145,58278.648466698985,102063.86295412516,35155.072359899365,50607.40403945679,12958.060644403378,20151.157728682938,3969.4236215468545,3.084703782756511,2.7576268143745426,2.421378802525086,2.4782081260205717,2.471243132979612,2.251752928440675,2.417003089629116,2.6990765236227685,2.8906869267619655
4.490151397329006,0.38282540778672214,5.8982768718092045,4.809849012269085,0.44971756233688676,13.153235248200938,4.015365109143218,0.6397389689169442,1.1321594859495017,1040379.2028156343,4839528.897434203,1025567.3276978021,6063803.679592259,4720159.994314617,3549332.4841327583,5551475.834189926,5583699.612421332,668819.7475197349,9630282,65800215,4064755,12115579,64658010,6800134,14234709,67129600,5428520,10620.880360465215,5175.27244871671,7303.002973421966,55885.69244661049,12074.705941412056,28094.68562986244,60229.93613133185,12881.83405343549,4616.306110945896,3.094569458137989,2.8767150432636788,2.896487948991097,2.3853863184198008,2.5807000043767974,2.273785530582642,2.302767867698661,2.49820881317284,3.102694125031124
1.896397877054704,0.2534889389767481,1.4711180909359987,1.4672581079596734,0.372293370883236,1.88140736078729,5.090615392217833,0.5244254067718302,1.1580229810755893,2445447.4738585064,5200416.010003523,675463.0566176765,7174095.67281935,4507779.682042012,1547711.53863175,2401268.7332229614,4465852.851179363,575754.9062753533,12602040,64122629,3605868,15404755,64950032,4725725,6389876,61500700,4493325,16699.81120361115,9076.593162483583,4302.85946673254,77268.06432605942,4122.830402864055,12363.602032373174,13037.776626927087,16920.77386416894,2527.188040261638,2.741135867836923,2.5595711446377942,2.837280386826299,2.201207935724124,2.6484871729567567,2.4121471101472745,2.255469490886493,2.131144068813966,2.8963318363873736
1.9786836435913455,0.3884118628321555,3.9822138777337455,5.205951992912725,0.3675152665228747,19.49469522269097,2.9313613475767935,0.5458298475008686,1.455565929171902,2643519.027032619,5558950.417625024,2019529.2267512756,7444657.916087979,4761456.083475407,3595698.3227459798,2455733.5762742967,5101171.89403663,560211.6125255859,21805002,66810660,5807819,14854991,66494668,6607298,8868426,63217888,4660769,32002.749787638368,7887.403208563319,10732.0597407233,63859.2419572662,7500.487017457961,27330.01451218879,20450.095766158178,13373.653305049302,4269.7968956687155,3.2814174217902714,2.848142741756554,2.999051259623947,2.1280281656066466,2.6493849808812087,2.0987617670359704,2.217110020478424,2.3650188146916253,2.8649851292894466
